297056  1.778731558 0.011536841
297057  1.778790242 0.011463841
297099  1.784966696 0.011467523
297100  1.785366262 0.011498794
297101  1.785314182 0.011511091
297113  1.786499237 0.011479207
297114  1.786748472 0.011465931
297176  1.796647987 0.011561787
297177  1.796405958 0.011573502
297178  1.796953175 0.011560631
297179  1.796752743 0.011415613
297180  1.797047831 0.011518445
297181  1.796692694 0.011560889
297211  1.801576768 0.011548185
297215  1.802236869 0.011422036
297218  1.802611299 0.011363469
297219  1.803529573 0.011526756
297224  1.803549442 0.011624015
297225  1.803863317 0.011411723
297227  1.804188529 0.011747033
297281  0.929144474 0.024671924
297286  0.932333602 0.024499677
297292  0.936990624 0.024450701
297293  0.937838482 0.024769596
297296  0.940066526 0.024626789
297308  0.948883178 0.024402367
297359  0.986538024 0.024411231
297411  1.0258538   0.024474916
297424  1.035803564 0.024405884
297425  1.036332686 0.024576183
297426  1.037360992 0.024564795
297429  1.039386865 0.024569666
297430  1.040391038 0.024565266
297431  1.041280714 0.024450591
297432  1.041888467 0.024589099
297433  1.042680801 0.024697329
297434  1.043597267 0.024559115
297435  1.044951    0.02458506
297467  1.067635294 0.024365478
297468  1.068867125 0.024288052
297469  1.069529787 0.024397107
297474  1.073272042 0.024340274
297483  1.079991195 0.02447631
297484  1.080946898 0.024481593
297485  1.081362998 0.024453253
297486  1.082190142 0.02461222
297487  1.083296836 0.024576241
297488  1.08396229  0.024632733
297503  1.094860129 0.024482915
297504  1.096055661 0.024126623
297505  1.09704177  0.024687482
297557  1.135185808 0.024345313
297558  1.13653077  0.024494411
297562  1.139640301 0.024725204
297563  1.140039727 0.024714158
297599  1.166742762 0.024477204
297603  1.169894731 0.024403298
297604  1.170352284 0.024364239
297605  1.171647091 0.024440477
297606  1.172010358 0.024467448
297620  1.182185788 0.024315138
297656  1.210285951 0.024594402
297665  1.21683826  0.02451027
297666  1.216997897 0.024489728
297671  1.219615972 0.024236699
297674  1.222051756 0.024251551
297675  1.223410775 0.024352126
297678  1.225501186 0.026383873
297722  1.258552355 0.024392043
297723  1.259697141 0.02439973
298678  1.083141196 0.042865817
298996  1.153035277 0.030223866
298998  1.142067056 0
299000  1.112287388 0.022970419
299042  1.133224826 0.008009954
299061  1.139837233 0.027832134
299062  1.142372605 0.036749644
299064  1.162986075 0.019003432
299065  1.124440706 0.037957523
299067  1.125525434 0.034391185
299096  1.164233205 0
299149  1.127475398 0
299178  1.142647891 0
299184  1.156740791 0.031494388
299185  1.164703745 0.020768247
299316  1.129220486 0
299317  1.193248987 0
299318  1.154146827 0.012042481
299324  1.160206923 0.009225309
299325  1.193050935 0.028775014
299326  1.163111768 0.011020541
299327  1.193951506 0
299329  1.204229058 0.025598018
299368  1.19011679  0.028577223
299369  1.176330507 0.025191208
299370  1.194216863 0.027662128
299380  1.135223301 0
299381  1.192435349 0
299394  1.196455043 0.011374056
299395  1.172110155 0.007488272
299396  1.179002364 0.014794827
299420  1.220595295 0
299443  1.202732185 0.033404285
299450  1.204689056 0.033468403
299477  1.204254192 0.03164795
299478  1.210046209 0.033211084
299479  1.21052399  0.033496195
299480  1.210702931 0.032802038
299481  1.210776919 0.033227635
299592  1.236183769 0.033034683
299593  1.236236845 0.033070569
299594  1.236544052 0.033093399
299595  1.236864896 0.033362096
299597  1.236777498 0.033375471
299614  1.240546763 0.032907366
299616  1.240756691 0.033065586
299617  1.238368989 0.032504566
299649  1.248196056 0.032992017
300079  1.343814724 0.033580885
300087  1.346496891 0.032791265
300105  1.347786618 0.033680844
300106  1.350787445 0.0320146
300107  1.349929781 0.033051799
300117  1.353185678 0.033528052
300122  1.354175044 0.033065504
300123  1.35471636  0.033006051
300124  1.354528153 0.03353475
300155  1.36168671  0.033010248
300156  1.36422966  0.03279529
300157  1.362047057 0.033196612
300226  1.377387632 0.032788804
300233  1.375846749 0.031666665
300234  1.378917791 0.033093939
300235  1.378235662 0.032309882
300236  1.379533077 0.032647188
300237  1.379640419 0.032851612
300238  1.37967206  0.033101449
300239  1.380350134 0.032744249
300240  1.380350795 0.033420941
300280  1.389154961 0.032927812
300282  1.389805879 0.032953357
300283  1.391033484 0.032569381
300284  1.390363686 0.033114958
300364  1.407271862 0.033584931
300365  1.405406626 0.032748249
300373  1.414447411 0.031944832
300374  1.420607157 0.033967165
300375  1.410016293 0.033101202
300389  1.244259778 0.03903504
300390  1.244025492 0.038195776
300391  1.245308395 0.037947265
300393  1.245962081 0.038130722
300394  1.247389939 0.038816999
300395  1.24777008  0.037541898
300396  1.249158658 0.03897473
300397  1.251627148 0.038280085
300398  1.25558301  0.037816498
300400  1.250242164 0.038749429
300401  1.2503413   0.039037118
300459  1.27829116  0.038149944
300462  1.27877096  0.03848621
300463  1.280842277 0.038786642
300464  1.279846421 0.038903739
300466  1.281560671 0.038461905
300467  1.28073544  0.038969005
300497  1.296150243 0.038799132
300500  1.308538042 0.040932514
300514  1.303969571 0.038190765
300515  1.304462787 0.03856627
300516  1.304784053 0.03862826
300517  1.304655545 0.038606842
300538  1.314381523 0.039036295
300539  1.31596378  0.038523958
300545  1.318973005 0.038678458
300548  1.320775246 0.03736432
300551  1.321219734 0.038638225
300552  1.323007128 0.038192932
300558  1.324651603 0.038796609
300560  1.325664272 0.038069983
300574  1.332184224 0.038449093
300575  1.331918154 0.038437245
300576  1.33331955  0.038615574
300631  1.359238964 0.038606824
300632  1.35993935  0.038678124
300633  1.360542779 0.038087881
300635  1.361320686 0.038457687
300636  1.361328943 0.03838489
300673  1.379917767 0.03810276
300676  1.379573362 0.037525212
300742  1.412457245 0.038459199
300777  1.429974403 0.038652405
300780  1.430145891 0.0381997
300785  1.432505773 0.038639859
300806  1.443811236 0.038425868
300811  1.445616366 0.038338279
300812  1.443526311 0.038130096
300816  1.446976818 0.038220957
300817  1.447818253 0.038508896
301046  1.283557972 0.062352221
301086  1.286306123 0.064846407
301141  1.294832711 0.062443358
301142  1.293990834 0.063881664
301161  1.29564901  0.063562381
301165  1.296007621 0.062787941
301180  1.296729749 0.064099926
301183  1.297402576 0.06362953
301281  1.306922101 0.063820198
301283  1.305758609 0.064099123
301298  1.307537796 0.063948891
301323  1.309622855 0.063991011
301330  1.309793839 0.063630493
301359  1.312271271 0.063690927
301384  1.313733439 0.063345532
301391  1.314436222 0.063840675
301392  1.315190582 0.063508662
301393  1.315625838 0.063281354
301394  1.323798092 0.062946074
301396  1.314195641 0.063731986
301397  1.315053212 0.063686315
301398  1.315611334 0.061143308
301399  1.317384253 0.06281608
301417  1.316161418 0.063427278
301447  1.319985596 0.064394729
301448  1.320346241 0.064126217
301449  1.319327583 0.063109031
301450  1.320980497 0.064514378
301461  1.320422252 0.063191804
301472  1.321857998 0.06346192
301475  1.321256621 0.064970701
301476  1.322061413 0.063697161
301480  1.323236584 0.063752626
301519  1.325371803 0.063749424
301524  1.326931864 0.062690204
301529  1.328144237 0.06228668
301530  1.325275298 0.063566608
301531  1.327231032 0.064322919
301532  1.327270848 0.063631941
301567  1.329939909 0.06328347
301627  1.336866022 0.064010571
301664  1.337912305 0.063792509
301665  1.339197312 0.064070319
301694  1.341033268 0.064885963
301912  1.361088423 0.064495304
301913  1.363233635 0.066515393
301914  1.357710281 0.062099581
301941  1.361911578 0.063517547
301959  1.364246159 0.063468898
301960  1.362766966 0.062804171
301969  1.363550268 0.064090127
301970  1.365325324 0.063783311
301984  1.367408477 0.062535471
301985  1.367577652 0.063937178
301986  1.366603054 0.062927708
301987  1.36763445  0.063503039
301997  1.367623115 0.063323652
301998  1.367063103 0.063688798
302019  1.368419365 0.063271191
302026  1.371102838 0.064477591
302029  1.370034277 0.06280543
302031  1.369329801 0.063579968
302033  1.370775417 0.063760815
302034  1.375896234 0.062752388
302036  1.371720622 0.065514395
302037  1.365920739 0.062772302
302038  1.370407546 0.063586769
302040  1.371659209 0.063082831
302041  1.367834135 0.059896679
302042  1.369981253 0.064042323
302043  1.371435945 0.063530226
302131  1.157240418 0.026390341
302159  1.153191323 0.026517062
302163  1.152950095 0.026364862
302165  1.152383356 0.026586345
302166  1.151971042 0.026569112
302225  1.14325329  0.026343981
302228  1.142980354 0.026520266
302229  1.142742906 0.026534774
302240  1.140732217 0.026369001
302262  1.138037615 0.026608151
302263  1.137617085 0.026507497
302277  1.135220974 0.026280804
302279  1.13511313  0.026622454
302280  1.134661127 0.026160682
302322  1.128627235 0.026402499
302328  1.127530392 0.026324778
302337  1.126522764 0.02617635
302342  1.12598848  0.026054814
302343  1.124640464 0.026722681
302344  1.125520047 0.026639831
302349  1.14267076  0.009866694
302350  1.124418955 0.027208109
302388  1.118765932 0.026543
302392  1.117775467 0.026589701
302393  1.117907478 0.026526228
302448  1.10961451  0.0265794
302472  1.105702737 0.026394854
302473  1.105574112 0.026411617
302474  1.105266862 0.026622892
302476  1.105575116 0.026435145
302479  1.104301547 0.0263302
302484  1.103715349 0.026500443
302485  1.103895472 0.026408079
302487  1.11619042  0.018504806
302491  1.118881321 0
302492  1.100355517 0.025393453
302494  1.102361696 0.02659428
302509  1.10045455  0.026333967
302513  1.099875453 0.025931394
302523  1.098114831 0.026442069
302525  1.097976344 0.026362742
302526  1.097750107 0.026533004
302548  1.094104974 0.026324919
302550  1.093668361 0.026487278
302551  1.098984525 0.023669809
302553  1.093603705 0.0263413
302554  1.094445053 0.028262064
302565  1.089090148 0.02813829
302566  1.09172079  0.026636488
302567  1.091711282 0.026872284
302570  1.091610515 0.025947838
302571  1.091189077 0.026633392
302572  1.090615736 0.026568695
302573  1.090822639 0.026564841
302596  1.087052873 0.02655347
302597  1.086847356 0.026757033
302634  1.081375675 0.026450665
302635  1.081273297 0.026485353
302651  1.078409825 0.026294607
302654  1.077904604 0.02641884
302661  1.076347746 0.026186383
302663  1.076892727 0.026432154
303824  1.123712653 0.023447614
303825  1.123410466 0.023647702
303832  1.123074492 0.02385008
303838  1.122606208 0.023721716
303885  1.118808599 0.023642527
303948  1.113764937 0.023770658
303989  1.11019172  0.024030671
303998  1.139959138 0.028537252
303999  1.140083769 0.028708113
304000  1.139490058 0.028412939
304062  1.149355119 0.028697018
304119  1.158239407 0.02829989
304120  1.158038472 0.028505171
304125  1.158709427 0.028702152
304144  1.161424227 0.028645233
304158  1.163681316 0.028751428
304169  1.165290552 0.028773619
304170  1.16533971  0.028638713
304196  1.168027571 0.029357215
304197  1.170366532 0.028840219
304198  1.169329785 0.029020868
304199  1.174876906 0.034382785
304200  1.169732972 0.028432403
304204  1.170551792 0.028578764
304209  1.171311572 0.028486469
304291  1.183048467 0.028855352
304292  1.183499586 0.028567491
304333  1.18961213  0.02866072
304354  1.192479523 0.028492005
304366  1.194138313 0.028650942
304446  1.206038232 0.028446293
304447  1.206384577 0.028584537
304448  1.199723804 0.029293344
304449  1.20686617  0.031126478
304451  1.207244001 0.029309054
304505  1.215003824 0.028657784
304506  1.215039947 0.028660099
304507  1.21512065  0.028624246
304508  1.214976297 0.028658964
304562  1.223104104 0.028694184
304616  1.231172009 0.028565119
304625  1.232429588 0.028600022
304626  1.233126891 0.028853084
304654  1.236731862 0.028705474
304655  1.237230815 0.028516634
304661  1.237568714 0.028560724
304662  1.237463246 0.028619295
304663  1.238085129 0.028752549
304671  1.239157486 0.028641244
304672  1.239374669 0.028907714
304737  1.24911155  0.02897098
304738  1.248976662 0.028578943
304739  1.249090264 0.028793333
304740  1.248471068 0.028717849
304776  1.254013568 0.028461505
304777  1.254396173 0.028568
304778  1.254752532 0.028475375
304797  1.25807296  0.028631763
305040  1.342659862 0.064433121
305043  1.342531447 0.065390556
305044  1.342045809 0.064538712
305045  1.343173437 0.064366021
305046  1.342901625 0.064767705
305059  1.344703023 0.064949797
305062  1.345015957 0.063428366
305063  1.342643428 0.066519414
305064  1.34289699  0.064581785
305081  1.3428376   0.064018106
305112  1.34583491  0.064489658
305113  1.345969225 0.064193432
305114  1.346545622 0.065359056
305178  1.347772695 0.064922042
305179  1.34878057  0.064148461
305183  1.348236585 0.06541839
305186  1.348577954 0.065237424
305188  1.349194686 0.064633753
305202  1.348847716 0.064499808
305204  1.348436503 0.064453422
305207  1.347799615 0.063801412
305208  1.346159363 0.064941918
305237  1.350003665 0.064099704
305247  1.350383911 0.064263186
305248  1.350946897 0.064367644
305249  1.352860838 0.064632665
305282  1.350730521 0.064584192
305310  1.352337859 0.063450874
305311  1.352029202 0.064278288
305312  1.354291442 0.063197479
305313  1.354557243 0.064666643
305314  1.354933828 0.065310113
305336  1.353427344 0.064304395
305341  1.353910914 0.063959037
305351  1.354656731 0.065325395
305358  1.354077028 0.064903887
305364  1.353557289 0.064727185
305365  1.353346984 0.064553377
305366  1.354823122 0.064640914
305376  1.354026185 0.064446281
305377  1.35550723  0.06459465
305405  1.356412856 0.063887422
305406  1.357065833 0.064151495
305440  1.359849604 0.064824742
305441  1.360307613 0.064466677
305516  1.362557674 0.064744971
305517  1.361248053 0.064449058
305518  1.363411038 0.064187095
305586  1.365030068 0.064250369
305588  1.365993956 0.065522476
305590  1.366072587 0.065134706
305636  1.36809505  0.064150566
305766  1.37359791  0.064494412
305809  1.375558232 0.064862707
305814  1.374760008 0.064211886
305821  1.375082516 0.064041131
305832  1.3751295   0.063680306
305840  1.376604695 0.064260064
305842  1.376875522 0.064183946
305862  1.377046918 0.063956585
305898  1.379804179 0.063741484
305902  1.37885718  0.063781797
305967  1.382380657 0.064446241
306029  1.384716132 0.064835538
306030  1.384694532 0.064541364
306036  1.392866739 0.066935112
306037  1.385484446 0.064482159
306038  1.385118721 0.064620258
306041  1.385786969 0.064562048
306042  1.385535042 0.064666914
306048  1.385852335 0.065132638
306049  1.386456487 0.06439541
306051  1.385522256 0.064022277
306091  1.386460797 0.064095484
306092  1.387535482 0.064520192
306093  1.379857979 0.02823189
306095  1.386900879 0.064324201
306121  1.38892876  0.064235112
306122  1.389301001 0.064404313
306125  1.38941275  0.064357355
306134  1.389678271 0.066716257
306135  1.388777164 0.064517105
306137  1.39234746  0.064612288
306138  1.390085531 0.064494917
306139  1.389676403 0.064847152
306153  1.38928221  0.06358317
306154  1.390176483 0.063987428
306155  1.390830901 0.064537644
306169  1.390085814 0.064954258
306170  1.388703913 0.061988795
306171  1.39106778  0.063931704
306422  1.40442186  0.060585438
306423  1.401624379 0.064783706
306425  1.423477063 0.065655285
306432  1.402176059 0.065303672
306454  1.403650819 0.064775198
306455  1.402842125 0.062598487
306456  1.403837855 0.064820569
306458  1.403755528 0.065193792
306459  1.404009806 0.064509331
306460  1.402297918 0.064040748
306462  1.406779356 0.065175278
