315257 1.04444623163 0.00596474871386
315258 1.04530923652 0.00582524394658
315259 1.04414213493 0.00593657657799
315264 1.04441938742 0.00597907121338
315265 1.04447386273 0.00594644317342
315267 1.04452479688 0.00597852224421
315270 1.0445341635 0.00597037374808
315322 1.0462046032 0.00599042348789
315339 1.04671793212 0.00602322881592
315357 1.0472463677 0.00601221331671
315361 1.04735665274 0.0060273228192
315363 1.04730072167 0.00602435882644
315365 1.04767169678 0.00594924689386
315366 1.04737093325 0.0060028978923
315420 1.04913807765 0.00594989249977
315488 1.05122080811 0.00601984043983
315489 1.05127627258 0.00592692612297
315490 1.05105674582 0.00577350743288
315506 1.05182602378 0.00601453859397
315509 1.0519130575 0.00595536060315
315510 1.05194250462 0.00599717455121
315512 1.05185184303 0.0059838341378
315543 1.05297362351 0.00593462693644
315555 1.0531502679 0.00604089953949
315557 1.05329065367 0.0058681338125
315640 1.05586177507 0.00599638581781
315641 1.05610729957 0.00584127223221
315642 1.05594393478 0.00595032618686
315644 1.05597783731 0.00596965926443
315645 1.05591638729 0.00593482135698
315646 1.05586752001 0.00590211873548
315647 1.05616209645 0.00577954635193
315648 1.05596036373 0.00592002445129
315689 1.05726015713 0.00597880821973
315705 1.05786097422 0.00592231127274
315713 1.05799983975 0.00600420407646
315721 1.05811619698 0.00611504723929
315741 1.05893282066 0.00599197023983
315764 1.05949616382 0.00602384224303
315770 1.05969171787 0.00602465269405
315784 1.06004630663 0.00604470112441
315785 1.06005231515 0.00606321394244
315786 1.06001793485 0.00602815257732
315790 1.06014140912 0.00600990351721
315800 1.06053035231 0.00605633609346
315801 1.06045391419 0.00602623252755
315840 1.06174315272 0.00602201111741
315973 1.06575298885 0.00602268219267
315974 1.0656987447 0.00595356996123
316058 1.06829183371 0.00605291430148
316059 1.06831744962 0.00602165024131
316060 1.06826784698 0.00603415567745
316061 1.06804560771 0.0059042228024
316062 1.06878760877 0.00638892508039
316082 1.06909172873 0.0059793617669
316110 1.06985746615 0.00602242145778
316111 1.06991859481 0.00604853347109
316113 1.06989712538 0.00607805269962
316114 1.06995647246 0.00598358599048
316151 1.07176956635 0.00618805585767
316153 1.07114695548 0.00601504055096
316186 1.07226944851 0.0060994194601
316187 1.07214591806 0.00604767267187
316199 1.07251836531 0.00600173049974
316200 1.07288604572 0.00578276129855
316201 1.07246590334 0.00606928607547
316202 1.07268376185 0.00598786738669
316216 1.07314358978 0.00597662675786
316217 1.07307312714 0.00599286367444
316218 1.07311780164 0.00599211759615
316219 1.07306671852 0.00597314384014
316239 1.07377947758 0.00597918315604
316240 1.07371214284 0.00611171641697
316241 1.07374919052 0.00604061862564
316271 1.07477234732 0.00592877965836
316361 1.07728704792 0.00593496782774
316362 1.07745610773 0.0059493405656
316363 1.07782048482 0.00611373515811
316377 1.07803898701 0.00624336695392
316378 1.0779217945 0.0058764874183
316379 1.07808316265 0.00594628257568
316380 1.07798403333 0.00601381996742
316455 1.08019873061 0.0060255375776
316456 1.08016693887 0.00623800820206
316457 1.08026999497 0.00599851430774
316469 1.08070713331 0.00602350567311
316470 1.08069861624 0.0059960683511
316472 1.08064250742 0.00595813897134
316505 1.08166640858 0.00600413034071
316569 1.08361446406 0.0059924320803
316590 1.08426984243 0.00607590584448
316613 1.08506459014 0.00589246789606
316615 1.08502393136 0.00601834785903
316665 1.08644936421 0.00600280750088
316666 1.08652529098 0.00605128269616
316667 1.08663849416 0.00596534014595
316701 1.08752260574 0.00612308771023
316702 1.08745631694 0.00603021806853
316715 1.08832970537 0.00588241704245
316716 1.08807669005 0.006055660919
316717 1.08798683327 0.00602583599289
316718 1.08810151283 0.00595159374752
316719 1.08798311464 0.0059416344243
316720 1.08806385026 0.0059363008386
316721 1.08799841133 0.00588170675795
316722 1.08809818041 0.00607782643177
316723 1.08855052522 0.00602151889218
316758 1.08058667168 0.0085346687212
316766 1.08066808454 0.00855010760728
316876 1.07939943217 0.00850500022829
316877 1.07935825978 0.00848492191437
316879 1.07899105454 0.00852391279578
316928 1.07883092242 0.00834208139518
316944 1.07849957282 0.00847651625262
316985 1.07812867968 0.0085071243615
316993 1.07808053529 0.00853163667988
316994 1.07865643322 0.00845559540089
316995 1.07788297933 0.00846546816512
317080 1.07701362118 0.00860427524773
317087 1.07691319359 0.0085621163618
317088 1.06559341841 9.51886177063e-05
317089 1.07687481388 0.00849820580944
317182 1.07595103129 0.00851647498092
317212 1.07562483776 0.00853884771292
317213 1.07581006316 0.00853637461083
317279 1.07486097788 0.00847837021206
317291 1.07476652324 0.00843685400964
317292 1.07495638314 0.00844607494109
317295 1.07371254491 0.00808956879173
317296 1.07470813301 0.00883516461884
317297 1.07448083299 0.00847405770683
317319 1.07456068692 0.00841300346135
317320 1.07452674955 0.00852079162933
317338 1.07426295731 0.00862796404061
317339 1.07433636523 0.00852134153058
317340 1.07420006004 0.00849267095859
317382 1.07373544305 0.00854392405173
317383 1.07373028275 0.00851385179099
317391 1.07380901728 0.00868837063515
317392 1.07354707522 0.00855057751018
317434 1.07309740446 0.00850968933856
317435 1.07299189134 0.00854012968186
317438 1.07299874423 0.00858939619917
317475 1.07750724501 0.00959559204616
317478 1.07798077451 0.0096487303026
317479 1.07820271711 0.00935485903049
317480 1.0782024149 0.00903978030141
317481 1.07904361561 0.00951020379987
317482 1.07948204118 0.00908289471647
317484 1.07935242175 0.00950421366735
317488 1.08389275512 0.00848592742311
317509 1.08937857969 0.00848212937565
317510 1.09000975957 0.00845589957894
317511 1.08972322844 0.00851168151786
317512 1.08991555302 0.00845155825645
317527 1.09324345142 0.00853688134091
317591 1.10897055285 0.00855956673372
317626 1.11733108091 0.0085094260506
317640 1.12082979867 0.00856569219138
317641 1.1210254095 0.0085654326678
317648 1.1229372373 0.00862952365717
317649 1.12323353083 0.00859136448963
317650 1.12335859951 0.00857157440395
317661 1.12234467466 0.00960924700672
317663 1.12283832847 0.00961480791837
317683 1.13118685652 0.00854089675854
317696 1.13433821788 0.00861132965759
318733 1.07867239026 0.00886533064136
318816 1.08058691777 0.0095112904966
318819 1.08014625214 0.0101462145458
318820 1.08103008275 0.00973238898256
318828 1.0792243001 0.00980341043757
318872 1.07973745216 0.00950466962138
318874 1.0795493563 0.00948468415045
318876 1.07958113512 0.00931413279326
318877 1.07960527655 0.00938874675276
319077 1.08074346951 0.0094617454674
319337 1.08140369314 0.00949666414987
319347 1.08161357408 0.00940995714471
319348 1.08192206232 0.00938328573298
319349 1.08117835258 0.00947620234151
319449 1.08199732614 0.00937474015821
319450 1.08177706363 0.00950127244757
319456 1.08196737967 0.00956800865709
319459 1.08195333721 0.00933809242234
319486 1.08220214298 0.0095255788784
319503 1.08208065721 0.0095014001669
319524 1.08212562338 0.00945631402453
319526 1.08192281145 0.00948300851543
319528 1.08220762708 0.0094508349625
319579 1.08244681663 0.00948797330204
319625 1.08274774641 0.00953349258628
319639 1.08272065077 0.00950175344233
319656 1.08273721419 0.00949563423876
319657 1.08261354935 0.00948132128049
319658 1.08244150542 0.00947804437016
319659 1.08278943687 0.00914479640767
319678 1.08298305649 0.00950067940095
319687 1.08279591319 0.00940127664468
319697 1.08297926794 0.00950954811042
319698 1.08272899078 0.00948505894382
319756 1.08318237815 0.00948571526141
319840 1.0833732259 0.00942440167421
319841 1.08353061799 0.00946208523932
319847 1.08168301731 0.00930367285172
319848 1.08388918924 0.00933052493393
319849 1.08346190048 0.00947378146082
319851 1.08385437496 0.00911352523133
319852 1.08780098911 0.00845923602285
319853 1.08334505434 0.00944159826534
319854 1.08321253402 0.00960880464923
319908 1.08414079487 0.00949449608812
319909 1.08256359098 0.00946572968117
319910 1.08365739101 0.00949599449909
319912 1.08329018538 0.00933448440476
319913 1.08329504321 0.00956646323888
319914 1.0832280331 0.00937748569974
319915 1.08355893383 0.00950730745543
319941 1.08391797943 0.00944321871154
319942 1.08388633433 0.00929519825645
319950 1.08388465246 0.0092783933147
319991 1.08399866872 0.00951989235584
319992 1.08369159474 0.00957130762349
319993 1.08403685823 0.00949301985506
320002 1.08413835822 0.0096492340095
320006 1.08410584543 0.00946618349523
320007 1.08390792845 0.00933349685101
320008 1.08404976387 0.00962045063926
320009 1.08403312136 0.00934273316278
320010 1.08390166503 0.00948573356601
320011 1.08375035642 0.00956442039512
320012 1.08404533477 0.00947229154875
320023 1.08415820846 0.00951873579989
320024 1.0841831341 0.00942901410706
320025 1.08487600741 0.00912342847371
320026 1.0838275912 0.00952393011683
320038 1.08415674336 0.00952749783135
320039 1.08428260767 0.00943480049595
320040 1.08410165509 0.00946798296667
320058 1.08451435043 0.00968216288686
320059 1.08445406511 0.00950890353932
320060 1.08429182021 0.0092995088057
320061 1.08423103904 0.00937751621657
320062 1.08439829396 0.00933905249861
320063 1.08435834867 0.00948890233555
320064 1.08420354932 0.00943140530068
320065 1.08428238982 0.00948161035253
320500 1.08945513307 0.00213462114334
320569 1.08298580216 0.00596440014114
320570 1.086172815 0.00539468125829
320673 1.08854708624 0.00659998694512
320674 1.08856423798 0.00660091174928
320688 1.08908476832 0.00656274244286
320712 1.08982279294 0.0065328443155
320757 1.09140877648 0.00658201065477
320804 1.09295983004 0.00654098766231
320807 1.09283863824 0.00682859754293
320809 1.09302769781 0.00649330497655
320821 1.09362486476 0.00656832490954
320822 1.0935020486 0.00654309425933
320823 1.09349604157 0.00650442583611
320824 1.09359154492 0.00652940454627
320838 1.09414645817 0.00653719838732
320840 1.09417282014 0.0065338105438
320841 1.09421962533 0.00635781593145
320853 1.09458147815 0.00653750272697
320917 1.09658935738 0.00665699577513
320933 1.09746045639 0.00653988606714
320934 1.09717930003 0.0065149670908
320936 1.097236426 0.00661520989106
320941 1.09704165806 0.00663700184432
320980 1.09898422234 0.00657184569036
320995 1.09943814808 0.00646821863177
320996 1.09933463416 0.00652531645344
321004 1.09969562095 0.0065212845337
321005 1.09950050506 0.00656513522184
321006 1.09953418413 0.00656837218659
321007 1.0997493193 0.00651985012053
321009 1.09970005599 0.00662516212304
321010 1.09963792167 0.00654015513658
321011 1.10014047161 0.00652942632015
321012 1.0996134697 0.00693347322999
321051 1.10120336959 0.0065450845955
321055 1.10119777576 0.00656769392885
321067 1.10171579355 0.00653809702774
321068 1.10167231422 0.00650864675937
321069 1.10194767361 0.00648423455591
321119 1.10347507189 0.006550475558
321121 1.10361834122 0.00652246990541
321122 1.10364454493 0.00655273714276
321124 1.10367176683 0.00650892922577
321126 1.10359245437 0.00664265680212
321134 1.10401861015 0.00649360163567
321138 1.10409272773 0.00658118459431
321140 1.10413935915 0.0065139217272
321149 1.10446737004 0.00648524129664
321219 1.10677589724 0.00652832748715
321221 1.10682105942 0.00672276652947
321230 1.10722942894 0.00655055915455
321231 1.10758509859 0.00644061756072
321232 1.10762032257 0.00643470619588
321233 1.10730507098 0.00656230995979
321261 1.10857037182 0.00656795904024
321262 1.10833774354 0.0065486311637
321283 1.10906622997 0.00651818298853
321294 1.10911256253 0.0066511942922
321295 1.10918078426 0.00655427864336
321296 1.10921420119 0.00644445854457
321305 1.10973670411 0.00655372962025
321310 1.1108061184 0.00613942715421
321312 1.10964808827 0.00652484081671
321313 1.10975227563 0.00650371333993
321393 1.11270258287 0.00645254111883
321396 1.11269100616 0.00654115916445
321397 1.11266249611 0.006597051731
321414 1.11339201862 0.00653243321916
321415 1.11326946466 0.00655936580495
321431 1.11396033936 0.00653433857388
321432 1.11383971869 0.0064815476449
321433 1.1139476221 0.0065404044268
321434 1.11391878348 0.00658600702145
321436 1.11392120609 0.00657404996654
321457 1.11473013391 0.00652718462243
321461 1.11462472694 0.00659741453923
321475 1.11535890976 0.00655249576181
321710 1.12305230005 0.00657660296984
321712 1.12331027249 0.00650056598239
321730 1.1240347906 0.0065302305314
321732 1.12387980883 0.00644739517431
321760 1.12471627475 0.00647911728651
321776 1.1264358238 0.00682107936368
321777 1.12584627852 0.00627870237636
321780 1.12549413595 0.00656813467493
321781 1.1257949851 0.00624267586911
321794 1.12589323011 0.00656688500444
321813 1.12671602929 0.00649499462382
321815 1.12669827995 0.00648931430432
321817 1.12678521786 0.00654395082128
321818 1.12679536432 0.00651639052348
321820 1.12698894653 0.0065228306765
321831 1.15353613876 0.00596528764574
321832 1.15354918268 0.00588754817516
321833 1.15355122321 0.00590333790765
321834 1.15346829261 0.00593596896867
321879 1.15503680879 0.0059667643374
321880 1.15491181527 0.0059859688969
321887 1.15523298296 0.00593488166617
321908 1.15593318179 0.00592398734529
321909 1.15598985842 0.00593581846935
321917 1.15625722149 0.00593982778574
321933 1.15649933125 0.00600802854133
321960 1.15787165117 0.00598695535062
321961 1.1577257305 0.0059404675688
321973 1.15798180789 0.00595003676747
321975 1.15782378144 0.00596991785676
321988 1.15839509159 0.00595752642701
321990 1.1584117507 0.00584953654541
322013 1.15918115235 0.0056231720853
322014 1.15958703272 0.0057395378107
322022 1.15948182186 0.00597157351021
322040 1.1602284578 0.00587201345571
322057 1.16077346378 0.00594878238738
322068 1.16097436945 0.00593696014862
322079 1.16136964303 0.00596114396197
322088 1.16148032601 0.00593086275293
322118 1.16248230996 0.00592764703632
322179 1.16439205237 0.00591777074278
322201 1.16520183325 0.00597100631891
322204 1.16520498676 0.00590953910621
322222 1.16554907612 0.0059411807733
322252 1.16673728145 0.0059279798754
322317 1.1689949206 0.00582321340312
322319 1.16886975071 0.005869064148
322322 1.16894134218 0.0059349126071
322324 1.16904544652 0.00588305435131
322332 1.16923520738 0.00596156662096
322348 1.16972209076 0.00594325982338
322355 1.17018743576 0.00600630350009
322356 1.16998862453 0.00597593520179
322381 1.1708098358 0.005932671276
322407 1.17166557348 0.00592064354772
322430 1.17225900718 0.00594179252214
322431 1.17224246853 0.00596781221703
322492 1.17430311599 0.00596169563414
322510 1.1536978582 0.00583955606503
322599 1.15324139781 0.00594501670346
322602 1.15324059343 0.0059681982646
322605 1.15310632641 0.00590846263082
322616 1.15272023201 0.00609606982499
322617 1.15306422446 0.00595521219955
322625 1.15306799571 0.00594430675987
322633 1.15289356568 0.00590012084001
323414 1.15447394814 0.00591072535934
323416 1.15421823764 0.00597623464246
323417 1.15434803524 0.00593687681992
323418 1.15430922594 0.00593170797105
323419 1.15410630837 0.00602686142714
323420 1.15414572831 0.00600527774219
323421 1.1542617433 0.0059079421932
323423 1.15441716855 0.0060100368302
323470 1.15465374454 0.00589658690972
323471 1.15464946666 0.00593244018429
323472 1.15471780605 0.00598742414757
323473 1.15453652529 0.00592420218089
323474 1.15443771331 0.00592504505527
323475 1.1546451796 0.00591840720996
323487 1.15461337084 0.00592443210383
323488 1.15459840288 0.0059672901114
323492 1.1546402042 0.00590377564622
323493 1.15480392078 0.00580234204042
323495 1.1545162073 0.00604574835395
323524 1.15481995743 0.00597252552034
323525 1.15467839906 0.00593482904674
323526 1.15486918293 0.00595634258933
323693 1.15553034031 0.0059535457245
323696 1.15558948863 0.00597214237859
323702 1.15556811866 0.00596760936999
323725 1.15576030916 0.00595696109331
323726 1.15582947416 0.00596553932278
323727 1.1557233184 0.00593586233665
323755 1.15590770399 0.00593940095839
323775 1.15598070851 0.00590305119327
323778 1.15591202075 0.00594748699796
323790 1.15598128979 0.00591125732926
323794 1.15588390322 0.00603098826734
323841 1.15621227619 0.00595587177358
323857 1.1561131711 0.00597539247709
323940 1.15670839171 0.00593305880978
323954 1.15674841642 0.00588102300574
323976 1.15683949425 0.00598336822403
323978 1.15686435764 0.00590941609614
323980 1.15679971815 0.00598762942072
323983 1.15679576013 0.00598795619278
323997 1.15683003754 0.00597486601309
324021 1.15704791007 0.00596635975531
324022 1.15702992565 0.00595033798446
324077 1.1572774922 0.00593649062767
324201 1.15786856912 0.00593178013763
324202 1.15758456711 0.00574885995663
324205 1.15775964237 0.00596716589581
324206 1.1574294368 0.00609352840127
324245 0.0 0.00809566946977
324293 1.19119276674 0.00807957387527
324315 1.19209797422 0.00814235337786
324318 1.19213230642 0.00812785351867
324420 1.19618552018 0.00821189129884
324729 1.20863160795 0.00797699175847
324747 1.20851027641 0.00816894272399
324764 1.20932993187 0.00833882221772
324765 1.209084343 0.00820973002341
324769 1.20940791956 0.00816359303761
324772 1.20923380473 0.00812164679533
324785 1.2098445744 0.00825164399744
324791 1.210135221 0.00818089969283
324835 1.21167129107 0.00821376611375
324841 1.21268237021 0.00809703921499
324878 1.21357021037 0.00806794770692
324897 1.21405228465 0.00824213450617
324970 1.21690595704 0.00806677829252
324980 1.21725337852 0.00812523568516
324997 1.2179992948 0.00818489888559
324998 1.21800119295 0.00805205387971
324999 1.21830458453 0.00822265079545
325000 1.21818456879 0.00813491371806
325001 1.21792665756 0.00815492733194
325022 1.21887647012 0.00811193983256
325057 1.22034487195 0.00802691567948
325099 1.22184891112 0.00821582239157
325101 1.22256727957 0.00790651780239
325117 1.22224983768 0.0078561980986
325168 1.22436106761 0.00780319205906
325170 1.2246263316 0.00810015786574
325172 1.22478467123 0.0082000662854
