297056  1.520081962 0.004068943
297057  1.520178783 0.004065135
297099  1.523663554 0.00411103
297100  1.523820648 0.004107778
297101  1.524132597 0.004060333
297113  1.524966831 0.004091511
297114  1.525120992 0.004081589
297176  1.530357221 0.004104552
297177  1.530298847 0.004080503
297178  1.530416486 0.004108143
297179  1.53040459  0.004167002
297180  1.53066087  0.004155434
297181  1.53095951  0.004126218
297211  1.533278112 0.004087763
297215  1.533606442 0.004102441
297218  1.533718965 0.004104006
297219  1.533858641 0.004120828
297224  1.534259598 0.004095655
297225  1.534125864 0.004185239
297227  1.534697514 0.004089894
297281  0.983911576 0.004446203
297286  0.984640265 0.004459517
297292  0.985481128 0.004485613
297293  0.985666213 0.004570169
297296  0.986058855 0.004498861
297308  0.987796118 0.004515336
297359  0.995195877 0.004462794
297411  1.002789729 0.004490229
297424  1.004679637 0.004485518
297425  1.004857197 0.004453498
297426  1.005058706 0.004518754
297429  1.00546994  0.004484138
297430  1.005600356 0.004488515
297431  1.005710966 0.004504819
297432  1.005839648 0.004514848
297433  1.006036308 0.004510439
297434  1.006201035 0.004476043
297435  1.006305032 0.004546787
297467  1.011047142 0.004434172
297468  1.011107213 0.004471079
297469  1.011237894 0.004495944
297474  1.012035973 0.00448754
297483  1.013273156 0.004467011
297484  1.013415375 0.004516008
297485  1.013609    0.004493645
297486  1.013798366 0.004502144
297487  1.013925073 0.004500766
297488  1.01404491  0.004491766
297503  1.016241251 0.004500719
297504  1.016330038 0.004542814
297505  1.016584755 0.004510451
297557  1.024140306 0.004487087
297558  1.024299589 0.004499954
297562  1.024890783 0.004495728
297563  1.025049441 0.004508758
297599  1.030316986 0.004515347
297603  1.030821149 0.004496519
297604  1.030976019 0.004518012
297605  1.031198587 0.004473786
297606  1.031326637 0.004502373
297620  1.033297455 0.004509358
297656  1.038713928 0.004447382
297665  1.03990642  0.004489112
297666  1.040008916 0.004544765
297671  1.040851024 0.004464032
297674  1.041178968 0.004471212
297675  1.041379554 0.004474458
297678  1.04180102  0.004906981
297722  1.0482146   0.004486691
297723  1.048275269 0.004495667
298678  0.990560096 0.00482145
298996  1.037604192 0.003869512
298998  1.037708567 0
299000  1.038984942 0.003620314
299042  1.041614004 0.000250697
299061  1.048124064 0.004903568
299062  1.04903811  0.003942951
299064  1.046426814 0.004395526
299065  1.048767485 0.004624821
299067  1.046553264 0.004079566
299096  1.051508702 0
299178  1.06927341  0
299184  1.066869784 0.004875104
299185  1.071011629 0.004944288
299316  1.096910558 0
299317  1.089526153 0
299318  1.076825497 0
299325  1.093013455 0.004153275
299326  1.085131906 0
299327  1.086951708 0
299329  1.092604514 0.003652838
299368  1.098723353 0.003288649
299369  1.094806592 0.006787652
299370  1.098146267 0.004016597
299380  1.090143398 0
299381  1.092225758 0
299394  1.098334005 0.003992571
299395  1.099046389 0.004568848
299396  1.102022327 4.01E-05
299420  1.098311257 0.005412936
299443  1.192186358 0.007295524
299450  1.193343779 0.007427752
299477  1.197543671 0.006912445
299478  1.198218803 0.007236413
299479  1.198624389 0.007241889
299480  1.198650407 0.007097933
299481  1.198797318 0.007310658
299592  1.218526578 0.007197484
299593  1.218713612 0.007145702
299594  1.218927064 0.007249936
299595  1.218994649 0.007374633
299597  1.219302269 0.007190485
299614  1.22245235  0.007082587
299616  1.222827455 0.007136041
299617  1.223211635 0.0071335
299649  1.228694657 0.007103927
300079  1.304952878 0.007025165
300087  1.306214645 0.007421138
300105  1.309318098 0.006895626
300106  1.309702117 0.007203717
300107  1.309789513 0.00752356
300117  1.311723442 0.007036979
300122  1.312520881 0.007225147
300123  1.312713207 0.007260668
300124  1.312465945 0.007387375
300155  1.318317471 0.007192933
300156  1.318282024 0.00704495
300157  1.31861474  0.007314075
300226  1.331103249 0.007104532
300233  1.332139583 0.007155612
300234  1.33235594  0.007134533
300235  1.332585919 0.007179689
300236  1.332738798 0.007174077
300237  1.332945509 0.007215405
300238  1.333107584 0.007310937
300239  1.333279644 0.007247335
300240  1.333481982 0.007316735
300280  1.340550448 0.007062923
300282  1.340873007 0.007225643
300283  1.341359282 0.007213951
300284  1.341209651 0.007183252
300364  1.355481001 0.007153593
300365  1.355426716 0.007616702
300373  1.35751932  0.006884738
300374  1.357865174 0.006706387
300375  1.357332292 0.007258011
300389  1.203472829 0.011682763
300390  1.203864197 0.011442062
300391  1.204001348 0.011458663
300393  1.203776019 0.011665645
300394  1.203787889 0.011581276
300395  1.203863423 0.011851143
300396  1.204821474 0.01133568
300397  1.20435567  0.011542314
300398  1.205162236 0.011420411
300400  1.204669069 0.011723385
300401  1.204749154 0.011692925
300459  1.21071724  0.011516094
300462  1.211084799 0.01155018
300463  1.21105644  0.011496437
300464  1.211242002 0.011739011
300466  1.211407656 0.01170198
300467  1.21166354  0.011850311
300497  1.214782978 0.011526709
300500  1.213984344 0.014480814
300514  1.216394413 0.011544925
300515  1.216310379 0.011695222
300516  1.216380909 0.011726125
300517  1.216605262 0.011735624
300538  1.218766285 0.011541191
300539  1.219071461 0.011591423
300545  1.219797938 0.011606919
300548  1.220333463 0.011824509
300551  1.220139874 0.011652991
300552  1.220710417 0.01166339
300558  1.220730098 0.011643147
300560  1.221083118 0.011729316
300574  1.22260126  0.011727075
300575  1.222784959 0.011696885
300576  1.222788152 0.011640611
300631  1.228318667 0.011657133
300632  1.228040441 0.011602462
300633  1.228629266 0.011612436
300635  1.228462977 0.011786913
300636  1.228801937 0.01175801
300673  1.232912291 0.011799644
300676  1.23294616  0.011354842
300742  1.23985198  0.011621203
300777  1.243387191 0.011558892
300780  1.243121185 0.011780519
300785  1.243981822 0.011668805
300806  1.246498512 0.011622497
300811  1.246832554 0.011628766
300812  1.246307917 0.011890617
300816  1.247232945 0.011578115
300817  1.247416692 0.01165233
301046  1.202976582 0.011572246
301086  1.206239995 0.011650345
301141  1.209560127 0.011842377
301142  1.209896804 0.011677628
301161  1.21103572  0.011637329
301165  1.211354267 0.011550932
301180  1.212196444 0.011575432
301183  1.212601318 0.011755906
301281  1.218761119 0.011654768
301283  1.218715622 0.011693134
301298  1.219821026 0.011672832
301323  1.221337502 0.011677737
301330  1.221808978 0.011681313
301359  1.223498429 0.011706648
301384  1.225333376 0.011801354
301391  1.225888728 0.011545685
301392  1.225868605 0.011660911
301393  1.224912402 0.01213805
301394  1.229308694 0.012755707
301396  1.226806258 0.01136531
301397  1.226188339 0.011683986
301398  1.224727812 0.012552563
301399  1.226193336 0.011696765
301417  1.227093352 0.011733824
301447  1.22931824  0.011590437
301448  1.229443253 0.011661988
301449  1.229522425 0.011639412
301450  1.229113094 0.011724705
301461  1.230072098 0.011619662
301472  1.230811672 0.011776442
301475  1.230992057 0.01161648
301476  1.231099301 0.01169944
301480  1.230673763 0.011578898
301519  1.234005134 0.011631187
301524  1.234219816 0.011780035
301529  1.234335935 0.01200241
301530  1.235200705 0.011433924
301531  1.234853015 0.011689844
301532  1.23470389  0.011696523
301567  1.237133763 0.011525088
301627  1.240610346 0.011736007
301664  1.243189843 0.011663239
301665  1.243157749 0.011739506
301694  1.244879813 0.011531433
301912  1.259272275 0.011590591
301913  1.258969289 0.011392529
301914  1.259727547 0.011215044
301941  1.260952916 0.011606965
301959  1.262032833 0.011630904
301960  1.26227361  0.011612884
301969  1.262623984 0.011657881
301970  1.262803903 0.011523768
301984  1.263848842 0.01158129
301985  1.263578529 0.011681953
301986  1.26363514  0.011675975
301987  1.263646529 0.011729549
301997  1.264504816 0.011637761
301998  1.264482152 0.011694311
302019  1.266119111 0.01149606
302026  1.266523155 0.011743501
302029  1.266815316 0.011608315
302031  1.266706331 0.011700821
302033  1.26694158  0.011538367
302034  1.268715958 0.01174873
302036  1.267155338 0.011446056
302037  1.268181193 0.011652473
302038  1.267357521 0.010892811
302040  1.26703947  0.011487319
302041  1.267251445 0.011282426
302042  1.267300412 0.011618885
302043  1.267390573 0.011635422
302131  1.323858928 0.004640925
302159  1.329773381 0.004584172
302163  1.330581486 0.004578415
302165  1.330847811 0.004790237
302166  1.331440148 0.005090402
302225  1.343608155 0.004613156
302228  1.344299538 0.004593139
302229  1.344482101 0.004604557
302240  1.346847582 0.004629177
302262  1.351491145 0.004593089
302263  1.351581714 0.004655736
302277  1.354621729 0.004564296
302279  1.354894204 0.004703907
302280  1.355115893 0.00462231
302322  1.364102801 0.00459866
302328  1.365286696 0.004592803
302337  1.367251405 0.004530635
302342  1.368476422 0.004521053
302343  1.368353426 0.004632411
302344  1.368725126 0.004637499
302349  1.373180035 0.003559698
302350  1.36999228  0.004765949
302388  1.377817944 0.004593348
302392  1.37872717  0.004646464
302393  1.378999182 0.004631317
302448  1.390546798 0.00463854
302472  1.395604003 0.004614045
302473  1.395846089 0.004582776
302474  1.395978046 0.004613877
302476  1.396455997 0.004662017
302479  1.397044591 0.004679891
302484  1.39808395  0.004635296
302485  1.398392083 0.004603513
302487  1.398660156 0.003968033
302491  1.397155722 0.001966
302492  1.399644758 0.004704851
302494  1.400205825 0.004634904
302509  1.403519985 0.004576719
302513  1.404355823 0.004558908
302523  1.406404672 0.004617527
302525  1.406823702 0.004609302
302526  1.406991796 0.004662761
302548  1.41153714  0.004634081
302550  1.412049322 0.004512679
302551  1.412491927 0.004464146
302553  1.412755043 0.004665824
302554  1.413503949 0.003964558
302565  1.414262061 0.005161384
302566  1.415463158 0.004548487
302567  1.415552585 0.004570154
302570  1.416320337 0.004621433
302571  1.416601552 0.004600781
302572  1.416624267 0.004626731
302573  1.416862822 0.004660624
302596  1.421732523 0.004638603
302597  1.421964737 0.004670189
302634  1.429811795 0.004654263
302635  1.429963566 0.004613327
302651  1.433306573 0.004600161
302654  1.433888486 0.004670414
302661  1.435327463 0.004612542
302663  1.43584697  0.004617105
303824  1.026626251 0.008887901
303825  1.026795915 0.008971589
303832  1.028190529 0.009033742
303838  1.029355984 0.009048871
303885  1.039017397 0.008973959
303948  1.051862415 0.009002174
303989  1.059579267 0.009165336
303998  1.039989973 0.007747039
303999  1.039967183 0.007757429
304000  1.039973266 0.007724236
304062  1.043524358 0.007748457
304119  1.046877566 0.007674407
304120  1.046830862 0.007706764
304125  1.047117177 0.00773231
304144  1.048172746 0.007750388
304158  1.048961117 0.007743427
304169  1.049623033 0.007751541
304170  1.04963535  0.007710088
304196  1.051372118 0.007401535
304197  1.051492354 0.00759399
304198  1.051547967 0.007491225
304199  1.05047615  0.009161826
304200  1.051424656 0.007702823
304204  1.051667921 0.00767625
304209  1.051918159 0.007701171
304291  1.056466221 0.007639734
304292  1.056596718 0.007683499
304333  1.058846984 0.007740226
304354  1.060105424 0.007696743
304366  1.060662927 0.007762745
304446  1.065286307 0.007823552
304447  1.065261614 0.007756836
304448  1.063521944 0.008682989
304449  1.065657857 0.007346203
304451  1.065211911 0.00772447
304505  1.068473773 0.007864335
304506  1.068574179 0.007774791
304507  1.068663092 0.007751163
304508  1.068625592 0.007737924
304562  1.071705619 0.007753382
304616  1.074763491 0.007772166
304625  1.07524853  0.007806343
304626  1.075318092 0.007648721
304654  1.076909421 0.007753688
304655  1.076969503 0.007780261
304661  1.07729354  0.007694504
304662  1.077333384 0.007796447
304663  1.077368528 0.007798957
304671  1.077764763 0.007820739
304672  1.077798076 0.00789019
304737  1.081619788 0.007736543
304738  1.081722021 0.007728357
304739  1.081922416 0.007950857
304740  1.081638776 0.007804935
304776  1.084132054 0.007473835
304777  1.083998456 0.00766053
304778  1.08393729  0.007688971
304797  1.084988159 0.007748593
305040  1.164177847 0.01076388
305043  1.164679523 0.010529095
305044  1.1646216   0.010648386
305045  1.164800665 0.010582743
305046  1.164786141 0.01062191
305059  1.165858287 0.010703488
305062  1.165540432 0.010260282
305063  1.165952499 0.010727471
305064  1.165948158 0.010727621
305081  1.167222051 0.010856789
305112  1.169827548 0.010686915
305113  1.169913601 0.01056556
305114  1.169904593 0.010855788
305178  1.174763573 0.010831294
305179  1.175412885 0.010572792
305183  1.175463758 0.010698886
305186  1.17560364  0.010759409
305188  1.175810705 0.010759091
305202  1.176980351 0.010849861
305204  1.177237006 0.010740009
305207  1.177579741 0.010549256
305208  1.177478275 0.010753138
305237  1.179811329 0.010681676
305247  1.180721051 0.01052302
305248  1.180484876 0.010606971
305249  1.180383999 0.010503943
305282  1.183468799 0.010502768
305310  1.185600102 0.010608144
305311  1.185797473 0.010748627
305312  1.185629547 0.01071365
305313  1.185537293 0.010806002
305314  1.185732445 0.010823754
305336  1.187727763 0.010623644
305341  1.187871086 0.010764297
305351  1.188415621 0.010829006
305358  1.189064339 0.010790686
305364  1.189655235 0.010778787
305365  1.189615083 0.010770316
305366  1.189813966 0.010640757
305376  1.190751379 0.010650807
305377  1.190481415 0.010642836
305405  1.193041726 0.010316615
305406  1.193039308 0.010477681
305440  1.196074437 0.01025624
305441  1.196171636 0.010432802
305516  1.201912061 0.010440576
305517  1.201794182 0.010564291
305518  1.201888619 0.010459181
305586  1.207153347 0.010620601
305588  1.207265353 0.010499982
305590  1.207384141 0.010670395
305636  1.211206346 0.010499773
305766  1.221698168 0.010261279
305809  1.224847439 0.010675789
305814  1.225355595 0.010497286
305821  1.226044017 0.010366476
305832  1.227320212 0.010241409
305840  1.227741507 0.010325364
305842  1.227695809 0.010388469
305862  1.229100265 0.010493576
305898  1.231933039 0.010534491
305902  1.232467038 0.010308169
305967  1.237231553 0.010387573
306029  1.242293862 0.010123358
306030  1.242542305 0.010163661
306036  1.242551986 0.010798441
306037  1.242922385 0.010321779
306038  1.242837834 0.01039033
306041  1.243139362 0.01050396
306042  1.243246436 0.010432396
306048  1.243570086 0.010420067
306049  1.243852816 0.010388532
306051  1.243539039 0.01034167
306091  1.247069064 0.010449785
306092  1.24720181  0.010387833
306093  1.243930392 0.000584653
306095  1.247556145 0.010319309
306121  1.24936502  0.010620533
306122  1.249593163 0.01052363
306125  1.249751812 0.010500892
306134  1.250750539 0.01048764
306135  1.2504576   0.010476048
306137  1.250182347 0.010320149
306138  1.250631562 0.010488025
306139  1.250733787 0.010395568
306153  1.251958773 0.010518967
306154  1.252091587 0.010464979
306155  1.252094981 0.010443738
306169  1.253094207 0.01051372
306170  1.253379772 0.010750909
306171  1.253214019 0.010257054
306422  1.2734365   0.010383107
306423  1.273056361 0.010386963
306425  1.271898476 0.010415167
306432  1.273880525 0.010373502
306454  1.275669018 0.010302018
306455  1.275621779 0.010254653
306456  1.275823389 0.01038923
306458  1.275677446 0.010486972
306459  1.275946311 0.01044217
306460  1.276152647 0.009921676
306462  1.276569745 0.010301278
