315257 1.0914196153 0.0148325594831
315258 1.09008099278 0.0134145797141
315259 1.09186569468 0.01485313623
315264 1.09221718471 0.0147249909181
315265 1.0919269511 0.0148484749834
315267 1.09222774294 0.0147903262993
315270 1.09246199481 0.0148030600053
315322 1.09452539759 0.0147728499056
315339 1.09527129067 0.0146770963127
315357 1.09634115929 0.0146425957033
315361 1.09645691167 0.0146098373035
315363 1.09655137734 0.0147220281095
315365 1.09668530843 0.0149082087046
315366 1.09684187499 0.0147901970784
315420 1.09894378733 0.0148359457138
315488 1.10144927165 0.0146994323468
315489 1.10133929708 0.0148615700698
315490 1.10241327509 0.0148931623342
315506 1.10269507836 0.0146506698341
315509 1.10286533332 0.0148405261032
315510 1.10277097113 0.014733848005
315512 1.10267344649 0.0147704073754
315543 1.10421339737 0.0147961529247
315555 1.10472496781 0.0146978404332
315557 1.10480296728 0.014982863706
315640 1.10858590824 0.0146824852195
315641 1.10863130497 0.0146975607702
315642 1.10863276406 0.0147800738776
315644 1.10854238505 0.0147862663769
315645 1.10850955606 0.0147421978102
315646 1.10874177697 0.0146395006844
315647 1.10831948457 0.0149872517019
315648 1.10828738653 0.0149094172013
315689 1.11069602266 0.0147552308512
315705 1.11049637968 0.014879710347
315713 1.11184078298 0.0147039920612
315721 1.11269713335 0.0145082421346
315741 1.1133738897 0.0146921753194
315764 1.11443636507 0.0146380772759
315770 1.1146670986 0.0146477119939
315784 1.11549117519 0.0146234748326
315785 1.11535680695 0.0146074817407
315786 1.11545741767 0.0147219771005
315790 1.11561261819 0.0146900617242
315800 1.11591621472 0.0146522904235
315801 1.11588774507 0.0147003581695
315840 1.11752274183 0.0147179283298
315973 1.12362580061 0.0146700718488
315974 1.12377608797 0.0147643715862
316058 1.12754991659 0.0146342534001
316059 1.12754282955 0.0146807053811
316060 1.1274791124 0.0146846602858
316061 1.12790345608 0.0147042468577
316062 1.12680006212 0.0142535021442
316082 1.12844158429 0.0147158018895
316110 1.12992477985 0.0147063984573
316111 1.12985464344 0.0146966662227
316113 1.13006996793 0.0146262986436
316114 1.12974035202 0.0147711362851
316151 1.13097265539 0.0137862464728
316153 1.1320736846 0.0146881344089
316186 1.1336230482 0.0146336757855
316187 1.13344243356 0.0146753836277
316199 1.13416756271 0.0147247870005
316200 1.13439724766 0.0147092369855
316201 1.13441699717 0.0146832009894
316202 1.13412098602 0.0147081854192
316216 1.13465160032 0.0147702955834
316217 1.1346650121 0.0147655792198
316218 1.13469949593 0.0147676300999
316219 1.13500018285 0.014793445372
316239 1.13579133281 0.0147646637407
316240 1.13566046346 0.0145998323633
316241 1.13558928298 0.014782907825
316271 1.13750418918 0.014889964803
316361 1.14158967004 0.0148179548649
316362 1.14148314862 0.0147704389222
316363 1.14098001326 0.0148233417053
316377 1.14145424048 0.0148114469324
316378 1.14189374589 0.0147430249347
316379 1.14229204318 0.0147425159679
316380 1.14208089044 0.0147546310986
316455 1.14591662405 0.0146902525029
316456 1.14473904306 0.0146659687037
316457 1.14555190285 0.0146889754012
316469 1.14607473498 0.014698825418
316470 1.14611790982 0.0147490403333
316472 1.14636511518 0.0148953705978
316505 1.14792811417 0.0147196645003
316569 1.15079912105 0.0147564136347
316590 1.15164905086 0.0146121560057
316613 1.15273485188 0.0147711015421
316615 1.15277610754 0.0146116453163
316665 1.15491847108 0.0147531800914
316666 1.1551827574 0.0146919011743
316667 1.15532299246 0.0146583429582
316701 1.1564473096 0.0146624765879
316702 1.15674133534 0.0148302068429
316715 1.157114674 0.0146872500177
316716 1.15754731631 0.0146837412104
316717 1.15753841653 0.0147366260586
316718 1.157562272 0.0147997647156
316719 1.15787694624 0.0147984313824
316720 1.15727483895 0.0148482668552
316721 1.15782679921 0.0151195562993
316722 1.15746431024 0.0147397472008
316723 1.15774909879 0.0147298487215
316758 1.12077739508 0.00806464277937
316766 1.12152456688 0.00808442308493
316876 1.13050269313 0.00804208114854
316877 1.13043827832 0.00799332052332
316879 1.13042774754 0.00809927606486
316928 1.13482672756 0.00798408244187
316944 1.13594726598 0.00801113526235
316985 1.13936438167 0.00802118235957
316993 1.1400971122 0.00806375443315
316994 1.14070411243 0.00800795133026
316995 1.13999360032 0.00800744049024
317080 1.14734891399 0.00809313141032
317087 1.14772768951 0.00808294704607
317088 1.13333916283 0.000503182411194
317089 1.14776207106 0.00805077602558
317182 1.15553380454 0.00804189227374
317212 1.15801961422 0.00805841479875
317213 1.15819587963 0.00806522863451
317279 1.16348314846 0.00802927740653
317291 1.16455392381 0.00795604593978
317292 1.16459637872 0.00793398657036
317295 1.16373846586 0.00772667276305
317296 1.16518507442 0.0080346044043
317297 1.16465238005 0.00801974017565
317319 1.16692274256 0.00799072538579
317320 1.16688576683 0.00807311905546
317338 1.16857359323 0.00814838544743
317339 1.16863993617 0.00807335867742
317340 1.16849241068 0.00803167502343
317382 1.17207104962 0.00812352524201
317383 1.17195283219 0.00800036425552
317391 1.17260147971 0.00823885902152
317392 1.17268771166 0.00809301414149
317434 1.17609562542 0.00801509256444
317435 1.1761113455 0.00806595642731
317438 1.17636917789 0.00816489275086
317475 1.10946370152 0.00968957299624
317478 1.10906196797 0.00959816236414
317479 1.10943362934 0.00946316253787
317480 1.10924014883 0.00945725308063
317481 1.10945400856 0.00948139143934
317482 1.11003173671 0.00929113143996
317484 1.10935344688 0.00963911696974
317488 1.12099576601 0.00803082752078
317509 1.12186444252 0.00802844218553
317510 1.12168887569 0.00810294756208
317511 1.12175638104 0.0080408953284
317512 1.12162011042 0.00804781677432
317527 1.15479778382 0.00688302717111
317591 1.156460944 0.00691264450108
317626 1.15710918399 0.00688010295865
317640 1.15763661076 0.0068984347924
317641 1.15752368362 0.00689657557484
317648 1.15773098832 0.00691663730153
317649 1.15782177914 0.00693373587812
317650 1.15769833693 0.00690592428775
317661 1.11342682175 0.00976652173721
317663 1.11327453957 0.00969867283222
317683 1.15866313232 0.0068615068115
317696 1.15885623423 0.00693148213043
318733 1.12619593588 0.00937066713181
318816 1.13146414834 0.00970637589919
318819 1.1312480417 0.0100004707995
318820 1.13060881309 0.00964051774145
318828 1.12903230132 0.00999910552918
318872 1.13074464178 0.00962021395251
318874 1.13064356446 0.00964563119024
318876 1.13076831437 0.00948599047606
318877 1.13087143669 0.00947078218557
319077 1.13772670012 0.00974518206862
319337 1.14613131926 0.00965991124455
319347 1.14666408821 0.00954799438161
319348 1.14702246163 0.00949992135805
319349 1.14642609652 0.00973079262454
319449 1.150100712 0.00954467634119
319450 1.14988026437 0.00970874393205
319456 1.15020664619 0.00972235884382
319459 1.15025559334 0.00973187532594
319486 1.15154794108 0.00976725236366
319503 1.15177520161 0.00964396397739
319524 1.15240590429 0.00964557961618
319526 1.15226945216 0.00970717547039
319528 1.15266694975 0.00955004306114
319579 1.15416318065 0.00965614376938
319625 1.15591141304 0.00969115861362
319639 1.15629128348 0.00965502905441
319656 1.15680360302 0.00962701221982
319657 1.15662908578 0.00956790403178
319658 1.15671277668 0.00963234314345
319659 1.15709124367 0.00934356204783
319678 1.15768715336 0.00966584522226
319687 1.15754618855 0.0096332204854
319697 1.15815423213 0.00957954805867
319698 1.15801079998 0.00957388112475
319756 1.16021267054 0.0096275970606
319840 1.16282674179 0.00955502672445
319841 1.16306660799 0.00963520188384
319847 1.16250413873 0.00964450240428
319848 1.16365541335 0.0096102003723
319849 1.16328046412 0.0096530393999
319851 1.16381634345 0.0100097318687
319852 1.16659729165 0.00759702152447
319853 1.1634181925 0.00962339206491
319854 1.16319301658 0.00967461482449
319908 1.16558617254 0.00967225792382
319909 1.16479682713 0.0097550751859
319910 1.16520300306 0.00965833021797
319912 1.16497111766 0.00960360895955
319913 1.16486997719 0.00970893573346
319914 1.16479017671 0.00968807022984
319915 1.165174744 0.00969193556813
319941 1.16642378933 0.0096497286602
319942 1.16621183167 0.00946906239671
319950 1.1666838299 0.00942541076494
319991 1.16795813319 0.00967564652297
319992 1.16773030541 0.00976192921245
319993 1.16778491652 0.00967777648308
320002 1.16841616138 0.00976253306625
320006 1.16854386314 0.00968025412563
320007 1.16818575899 0.00949981776102
320008 1.16836846587 0.00980511850497
320009 1.16850354531 0.00957175496509
320010 1.16840491254 0.00965484215456
320011 1.16824731154 0.00977819506228
320012 1.16862862272 0.00970000518278
320023 1.16898657625 0.0097221877205
320024 1.16890253857 0.00958098757254
320025 1.16944435516 0.0091951003088
320026 1.16880468189 0.00952546562852
320038 1.16945778587 0.00967819811381
320039 1.16988842907 0.00948730484774
320040 1.16942670182 0.00965570700145
320058 1.17028451794 0.00975932967254
320059 1.1703953812 0.00964195247383
320060 1.17025771243 0.00936878110252
320061 1.1704039265 0.00967505337536
320062 1.17066178495 0.00974132938091
320063 1.17054974828 0.00968965300156
320064 1.1702587742 0.00963473074251
320065 1.17024104972 0.00962990535221
320500 1.12569234795 0.00106507539749
320569 1.1226255701 0.00710832638074
320570 1.12305892983 0.00588094906692
320673 1.12796586472 0.00632027980299
320674 1.12787608668 0.00632588321166
320688 1.1286122213 0.00627939516546
320712 1.12954145624 0.00625285655952
320757 1.13133898847 0.00631019860245
320804 1.13297999307 0.00630609651909
320807 1.13389918794 0.00615895931895
320809 1.13304276072 0.00631162094192
320821 1.13381244601 0.00629893985944
320822 1.1336505464 0.00633191914449
320823 1.13367442952 0.00630161981871
320824 1.13368325055 0.00632199980633
320838 1.1343929725 0.00630340931716
320840 1.13435776799 0.00630121852469
320841 1.13421925804 0.00630456958132
320853 1.1349730129 0.00631895406189
320917 1.1375691743 0.00617841466666
320933 1.13821947688 0.00628500127928
320934 1.13801132907 0.00629128102246
320936 1.13782479707 0.00632216158608
320941 1.13788701632 0.00637545882539
320980 1.13999812086 0.00629220281757
320995 1.14061136378 0.00622485132607
320996 1.1403646484 0.00637030141368
321004 1.14073615707 0.00626887643579
321005 1.14066924439 0.00631878234542
321006 1.14070612319 0.00626754141362
321007 1.14076208252 0.00627183816122
321009 1.14073594082 0.00635247558572
321010 1.14077637311 0.00627232578916
321011 1.1409665992 0.00625692750186
321012 1.14120684397 0.00632367280209
321051 1.14251159295 0.00632055206271
321055 1.14236920346 0.00631759495942
321067 1.14308825756 0.00631020964473
321068 1.1429379251 0.00628454967287
321069 1.14316900635 0.00623118061153
321119 1.1451821641 0.00629651042969
321121 1.14530264654 0.00635779557242
321122 1.14520624279 0.00631723777785
321124 1.14517545143 0.00629283099066
321126 1.14513562003 0.00636382617749
321134 1.14561890701 0.00641633998305
321138 1.14579670256 0.00626996326246
321140 1.14583900052 0.00627274422743
321149 1.14612146238 0.00630402034387
321219 1.14893309252 0.00627343147552
321221 1.1488869036 0.00642666681479
321230 1.14943901728 0.00628117571212
321231 1.14981348752 0.00624009879624
321232 1.14973955654 0.00620636073595
321233 1.14948890856 0.00630709977112
321261 1.15076883758 0.00622656961933
321262 1.15091293519 0.00640047830506
321283 1.15153662975 0.00627073440789
321294 1.15177217754 0.00637298195842
321295 1.15168387713 0.00631694512963
321296 1.1515610844 0.00626741144788
321305 1.15234187236 0.00628721380157
321310 1.15283455669 0.00579237990778
321312 1.15226883852 0.0062427546884
321313 1.15218374898 0.00622232341584
321393 1.15568806622 0.0062879642102
321396 1.15571749811 0.00630544412663
321397 1.15560407246 0.0063271143899
321414 1.15647820928 0.00627602641491
321415 1.15637673809 0.00635236995375
321431 1.15720164615 0.00629487231105
321432 1.15722001397 0.00632508410892
321433 1.15708992554 0.00637083202544
321434 1.15714629904 0.00629707378395
321436 1.15712169834 0.00630845314158
321457 1.15806132601 0.00630178540364
321461 1.15816528343 0.0063111859203
321475 1.15866534645 0.00628730125503
321710 1.16768529736 0.00640795392535
321712 1.16787300163 0.00627446226999
321730 1.16869868466 0.00626402305482
321732 1.16866814176 0.00629554853227
321760 1.16979021275 0.00604795856502
321776 1.17112121505 0.00616213635444
321777 1.17083501205 0.00606536754034
321780 1.16992661462 0.0063419964785
321781 1.17047998764 0.00604917047079
321794 1.17105011573 0.00632444475061
321813 1.17178340121 0.00630726579354
321815 1.17160336812 0.00625759589468
321817 1.17180252944 0.00629003188976
321818 1.17170580091 0.00626130838951
321820 1.17184449922 0.00626756850376
321831 1.20829867531 0.00910991100825
321832 1.20802836403 0.00927128158972
321833 1.20816868523 0.0090987836875
321834 1.20822960594 0.00908286440668
321879 1.20865643573 0.00918396255266
321880 1.20872763398 0.00928037584605
321887 1.20879338565 0.00920223990113
321908 1.20905114129 0.0092216603257
321909 1.20880379727 0.00915268509113
321917 1.20920593995 0.00918141024185
321933 1.2093102537 0.00892051101748
321960 1.20972088462 0.00914268254315
321961 1.20969799586 0.00918885896933
321973 1.20958145656 0.00919714739434
321975 1.20915032673 0.0091186159489
321988 1.20970158376 0.00915815606589
321990 1.20948297776 0.00907809190955
322013 1.20955801209 0.00924351370606
322014 1.21028783141 0.0090926831016
322022 1.21005748796 0.00913260173248
322040 1.21049868766 0.00905299150742
322057 1.21063684656 0.00931260115992
322068 1.21075213153 0.00909741027936
322079 1.2108832122 0.00914445365827
322088 1.21080162434 0.00903858745482
322118 1.21062162088 0.00909143869476
322179 1.21170005846 0.00908585523242
322201 1.21220892833 0.0091061371421
322204 1.21201621793 0.00912666656359
322222 1.21202481603 0.00916169917235
322252 1.21255477837 0.00911563460764
322317 1.21339046769 0.00919648130828
322319 1.21303723699 0.00918855187296
322322 1.21311442301 0.00918633702559
322324 1.21328648481 0.00911672765304
322332 1.21343668068 0.00917647480598
322348 1.21341577494 0.00912710172546
322355 1.21396786464 0.00897259384098
322356 1.21361404524 0.00909161308571
322381 1.21375295098 0.00906272181736
322407 1.21414570694 0.00916540255751
322430 1.21450032898 0.00915477690871
322431 1.21451301785 0.00913465180499
322492 1.21495781705 0.00909567816397
322510 1.20816969424 0.00954421565625
322599 1.23180655995 0.00913589269396
322602 1.23289462453 0.00915524737451
322605 1.23339966477 0.00913082802396
322616 1.23647235417 0.00904992020134
322617 1.23651527752 0.00910206141126
322625 1.23878452519 0.00913031238845
322633 1.24085936656 0.00919305890827
323414 1.20448640079 0.00906525805704
323416 1.20395865332 0.00891937411305
323417 1.20417753307 0.00904140686391
323418 1.20392389546 0.0091468875491
323419 1.20377115122 0.00929428388395
323420 1.20358668523 0.00929614998569
323421 1.20396469547 0.00900037982302
323423 1.20378541854 0.00919020347564
323470 1.20286391788 0.00908803296546
323471 1.20302547616 0.00907680547845
323472 1.20299668102 0.00907156777525
323473 1.20300445124 0.00900145390479
323474 1.2028520101 0.00896142100977
323475 1.20254601704 0.00894986990752
323487 1.20260051587 0.00905269302255
323488 1.20246086104 0.00904170502129
323492 1.20232816222 0.00900106450587
323493 1.20257618763 0.00883827744794
323495 1.20213370798 0.00908787937393
323524 1.20155874578 0.0090571827197
323525 1.20132819109 0.00921113290722
323526 1.20150690531 0.00907701287759
323693 1.19784177193 0.00905596106858
323696 1.19791015333 0.00911443330837
323702 1.19747303915 0.00902698306
323725 1.19725241941 0.00907835586686
323726 1.19712795019 0.00912214518115
323727 1.19708790802 0.00906049960928
323755 1.1965514115 0.00912840987382
323775 1.19601156326 0.00898335557012
323778 1.19575897747 0.00912591608509
323790 1.19564986053 0.00914493259056
323794 1.1955183319 0.00912603183463
323841 1.19465960261 0.00899884454263
323857 1.19419616951 0.00903339386437
323940 1.19235831668 0.00900821307842
323954 1.1918108794 0.00901548109736
323976 1.19163025281 0.00896044410519
323978 1.19182237465 0.00883617426882
323980 1.19140463253 0.0090205207132
323983 1.19132586444 0.00918367173475
323997 1.19090078303 0.00897327055962
324021 1.19064282896 0.00891247714021
324022 1.19048576027 0.00906012773212
324077 1.18930453282 0.00909710966729
324201 1.18639697311 0.00901103780582
324202 1.18628025074 0.0092726580169
324205 1.18692928531 0.00916834383918
324206 1.18565458958 0.00916764054653
324245 0.0 0.00723897041814
324293 1.25469661891 0.00724398061172
324315 1.25469849475 0.00722505657127
324318 1.25459016247 0.00727167096723
324420 1.25454183294 0.00725817044807
324729 1.25469896598 0.00690279578027
324747 1.2539595093 0.00727118133938
324764 1.25413623158 0.00720639414555
324765 1.25368446919 0.00729967151879
324769 1.2539704699 0.00719994696826
324772 1.25382340984 0.00725781659755
324785 1.25391471747 0.00728508463236
324791 1.25382134374 0.00719527688607
324835 1.2537436845 0.0073290099873
324841 1.25412230768 0.00721934863449
324878 1.25389655834 0.0072032032505
324897 1.25383706594 0.00722766441502
324970 1.25359009665 0.00723739645018
324980 1.25360978277 0.00720858799435
324997 1.25366171935 0.00728362809307
324998 1.25354581236 0.00725010586517
324999 1.25400420391 0.00719678565022
325000 1.25369456183 0.00720454896148
325001 1.25336546807 0.00724510736092
325022 1.253586945 0.00723471372749
325057 1.25349088863 0.00725975501986
325099 1.2532351799 0.00727816530895
325101 1.25364637446 0.00708760133955
325117 1.25298018633 0.00711320527992
325168 1.25342180614 0.00713730549994
325170 1.25314215238 0.00725965715207
325172 1.25322135517 0.0072088346578
