297056  0.931430931 0.002751798
297057  0.931412483 0.002765773
297099  0.931118322 0.00279733
297100  0.931101116 0.0028038
297101  0.931042706 0.002808324
297113  0.930969686 0.00280715
297114  0.930993708 0.002744231
297176  0.930556398 0.002811594
297177  0.930553435 0.002803332
297178  0.930512006 0.002831228
297179  0.930538377 0.002810389
297180  0.930505222 0.002837936
297181  0.930595437 0.002760532
297211  0.930377756 0.002756953
297215  0.930321322 0.002781779
297218  0.930386082 0.00271746
297219  0.930277461 0.002787555
297224  0.930270411 0.002758095
297225  0.930104415 0.002796694
297227  0.930213199 0.002758661
297281  0.976741481 0.002754188
297286  0.976817973 0.002806525
297292  0.976871054 0.00279912
297293  0.976794963 0.002871262
297296  0.976913204 0.002820506
297308  0.977128042 0.002808534
297359  0.977947028 0.002774455
297411  0.978736951 0.002787772
297424  0.978987455 0.002751877
297425  0.978974508 0.00275225
297426  0.979009432 0.002742634
297429  0.979031105 0.002775849
297430  0.979048525 0.002769983
297431  0.979062493 0.002787793
297432  0.979095496 0.002768809
297433  0.979083087 0.00279597
297434  0.979106597 0.002781714
297435  0.979122547 0.002769086
297467  0.979573279 0.002827469
297468  0.979732766 0.002703552
297469  0.979767219 0.002692596
297474  0.979729906 0.002766449
297483  0.979905905 0.00273801
297484  0.979886343 0.002790949
297485  0.979891601 0.002771227
297486  0.979920707 0.002767651
297487  0.979924251 0.002768584
297488  0.979985371 0.002768192
297503  0.98018496  0.002776898
297504  0.980231881 0.00276948
297505  0.980193858 0.002796961
297557  0.981028931 0.002756084
297558  0.981027843 0.002780725
297562  0.981053076 0.002811603
297563  0.981103325 0.002773954
297599  0.9816662   0.002765754
297603  0.981752597 0.002767745
297604  0.981739609 0.002793297
297605  0.981741335 0.002801476
297606  0.981777062 0.002783158
297620  0.982036006 0.002749649
297656  0.982570171 0.00279187
297665  0.982714116 0.002788107
297666  0.982759646 0.002745395
297671  0.982848402 0.002701856
297674  0.982927762 0.002684801
297675  0.982862062 0.002774307
297678  0.983063363 0.003034271
297722  0.983659204 0.002714822
297723  0.983649664 0.002748199
298678  0.982749615 0.00164725
298996  1.041128231 0.002666137
298998  1.045303798 0
299000  1.040455978 0.002050439
299042  1.048478774 0.003663975
299061  1.053072832 0.002553136
299062  1.054374894 0.002180279
299064  1.055836871 0.001526119
299065  1.052028693 0.003318818
299067  1.055184796 0.002975441
299096  1.061522571 0
299149  1.074315382 0
299178  1.072166697 0
299184  1.077035239 0.001492168
299185  1.077388411 0.003716977
299317  1.104757801 4.42E-05
299325  1.104719804 0.001559679
299326  1.101992925 0
299327  1.104748893 0
299329  1.105309001 0.002359086
299368  1.112380694 0.002666639
299369  1.109980485 0.00286781
299370  1.111712341 0.003044665
299380  1.108951314 0.00E+00
299381  1.102567507 0
299394  1.121589209 0
299396  1.117810955 0.001117691
299420  1.120601676 0.003424197
299443  0.97668787  0.002821408
299450  0.976647557 0.002865999
299477  0.976584587 0.002772519
299478  0.976418529 0.002925554
299479  0.976536443 0.002876663
299480  0.976527151 0.00280593
299481  0.976450423 0.002904121
299592  0.975978849 0.002862229
299593  0.975985079 0.002845226
299594  0.975967842 0.002906419
299595  0.97591183  0.002923975
299597  0.975907843 0.002861522
299614  0.97586121  0.002857398
299616  0.9758879   0.002838251
299617  0.975783837 0.002882152
299649  0.975742912 0.002821679
300079  0.973699629 0.002883681
300087  0.9736718   0.0028503
300105  0.973796814 0.002678171
300106  0.97360412  0.002775251
300107  0.973602466 0.002887195
300117  0.973552993 0.002855025
300122  0.973512224 0.002875977
300123  0.973466793 0.002882601
300124  0.973350135 0.002953748
300155  0.973374671 0.002849971
300156  0.973264137 0.002940029
300157  0.973330612 0.002892809
300226  0.973088805 0.002820165
300233  0.973121742 0.002719135
300234  0.972992311 0.002842704
300235  0.973038353 0.00281822
300236  0.97301625  0.00280767
300237  0.972986259 0.002844185
300238  0.972933264 0.002865588
300239  0.97295122  0.002854304
300240  0.972945674 0.002919329
300280  0.972782772 0.00285365
300282  0.972845874 0.002835592
300283  0.972853327 0.002830162
300284  0.972785354 0.002865123
300364  0.972507791 0.002759025
300365  0.972267442 0.002945504
300373  0.972563943 0.00269157
300374  0.972451829 0.002642822
300375  0.972354576 0.002896901
300389  1.072700342 0.007025733
300390  1.072898561 0.007009676
300391  1.072812821 0.006922441
300393  1.072957687 0.006923536
300394  1.072999553 0.007028665
300395  1.072867052 0.006976423
300396  1.073118779 0.006903182
300397  1.073026799 0.006935219
300398  1.073378577 0.006865317
300400  1.073405686 0.006971632
300401  1.073469987 0.006978769
300459  1.07704291  0.006981105
300462  1.077344418 0.006909457
300463  1.077363998 0.00684934
300464  1.077557854 0.006986899
300466  1.077543021 0.006990725
300467  1.077669809 0.007058263
300497  1.079714461 0.006925899
300500  1.07704051  0.006729176
300514  1.080551508 0.006960892
300515  1.08062238  0.006969912
300516  1.080844375 0.00697773
300517  1.080755455 0.006962073
300538  1.082124454 0.007008645
300539  1.082257858 0.006933636
300545  1.082686252 0.006900148
300548  1.083121402 0.007053207
300551  1.083036121 0.006953702
300552  1.083026899 0.006829194
300558  1.083376303 0.006958276
300560  1.083494792 0.006945862
300574  1.084539594 0.006973479
300575  1.084581979 0.007026737
300576  1.084529764 0.006984739
300631  1.08785218  0.006914572
300632  1.087851252 0.00697152
300633  1.088196907 0.006957259
300635  1.088265886 0.00689507
300636  1.088239706 0.007016163
300673  1.090775337 0.006950084
300676  1.090589777 0.006912132
300742  1.095014896 0.006973592
300777  1.097325285 0.006957691
300780  1.097026569 0.006998938
300785  1.09773015  0.006988841
300806  1.099175207 0.00694926
300811  1.099465839 0.006945605
300812  1.099044497 0.007014468
300816  1.099585779 0.006964354
300817  1.0997281   0.006961273
301046  1.072608485 0.006912101
301086  1.07490439  0.007034839
301141  1.078253946 0.00706775
301142  1.078344531 0.006972728
301161  1.079459101 0.006936328
301165  1.079705687 0.006971639
301180  1.080433761 0.006913273
301183  1.080880148 0.006942883
301281  1.086226562 0.006961084
301283  1.086400066 0.006954663
301298  1.087331194 0.006982705
301323  1.08872451  0.006969454
301330  1.089056066 0.006965589
301359  1.090692454 0.00699905
301384  1.092277754 0.007013971
301391  1.092785604 0.006966068
301392  1.092786729 0.006975357
301393  1.092346795 0.007025631
301394  1.094717087 0.006935412
301396  1.092766329 0.007060207
301397  1.092955486 0.006963748
301398  1.093387897 0.007244739
301399  1.092965843 0.006983274
301417  1.093990072 0.007021044
301447  1.095838161 0.006957748
301448  1.095967436 0.006970844
301449  1.096029966 0.006944082
301450  1.095903948 0.006960798
301461  1.096677648 0.006956378
301472  1.097253644 0.007005659
301475  1.097511491 0.006726197
301476  1.097526137 0.007019602
301480  1.097370146 0.006962708
301519  1.100014053 0.006967935
301524  1.100156492 0.006996987
301529  1.100864858 0.007033358
301530  1.100670409 0.007011241
301531  1.10062554  0.00695508
301532  1.100654519 0.006994394
301567  1.102983074 0.006938471
301627  1.106095924 0.007008858
301664  1.108485545 0.006974837
301665  1.108355397 0.006991469
301694  1.10999407  0.006953799
301912  1.122673158 0.006936263
301913  1.122247492 0.00699738
301914  1.123052229 0.006964757
301941  1.124373125 0.006943674
301959  1.125349809 0.006974741
301960  1.125664533 0.007049247
301969  1.125674238 0.006964994
301970  1.125965826 0.006973291
301984  1.126871456 0.006948035
301985  1.126792274 0.007012135
301986  1.126769252 0.006978024
301987  1.126844259 0.006995101
301997  1.127581375 0.0069496
301998  1.127537844 0.006996671
302019  1.128930606 0.006940829
302026  1.129544572 0.006947917
302029  1.129561562 0.00697854
302031  1.129518842 0.006991844
302033  1.129684539 0.006920781
302034  1.130021658 0.006977773
302036  1.129720484 0.007012285
302037  1.130633432 0.00691079
302038  1.130793237 0.006722115
302040  1.129929483 0.006933016
302041  1.130052735 0.006852822
302042  1.130238834 0.00696931
302043  1.129890103 0.00707823
302131  1.074916826 0.007591064
302159  1.077967686 0.007632213
302163  1.078163949 0.007624095
302165  1.077996044 0.0073876
302166  1.078189297 0.007370582
302225  1.084794852 0.00757444
302228  1.085116316 0.007546962
302229  1.085292365 0.00747331
302240  1.086451275 0.007523644
302262  1.088991368 0.007417017
302263  1.088770812 0.007566543
302277  1.090393901 0.007569914
302279  1.090532694 0.007418302
302280  1.090478484 0.007506263
302322  1.095127481 0.007548896
302328  1.095676384 0.007548929
302337  1.096634275 0.007522463
302342  1.097588217 0.007416203
302343  1.097155428 0.007569466
302344  1.097320814 0.007586367
302349  1.105350911 0.004293568
302350  1.098001956 0.00757467
302388  1.101894727 0.007629531
302392  1.102342792 0.007549826
302393  1.102382239 0.007587827
302448  1.108307977 0.007587698
302472  1.110761108 0.00760426
302473  1.110745533 0.007610362
302474  1.110748544 0.007591551
302476  1.111144668 0.007553141
302479  1.11148953  0.007529165
302484  1.111974209 0.007445766
302485  1.112145588 0.00753821
302487  1.114362786 0.004873877
302491  1.11243119  0.007398773
302492  1.112369226 0.007446975
302494  1.113056631 0.007566831
302509  1.114842537 0.007638311
302513  1.115294329 0.007581787
302523  1.116263027 0.007554543
302525  1.116486154 0.007541819
302526  1.116490299 0.007539277
302548  1.118727917 0.007546386
302550  1.118899998 0.007614761
302551  1.11939076  0.006993444
302553  1.119377917 0.007620586
302554  1.120266239 0.007504488
302565  1.118903076 0.00737127
302566  1.121177849 0.00753751
302567  1.120661232 0.007509248
302570  1.121529709 0.007381107
302571  1.121510203 0.007517258
302572  1.121260553 0.007543333
302573  1.121439291 0.007581277
302596  1.12383992  0.007529911
302597  1.123922605 0.007598012
302634  1.127991705 0.007517399
302635  1.128014411 0.007484186
302651  1.129615857 0.007595551
302654  1.12985482  0.007568114
302661  1.130564464 0.00760387
302663  1.130957251 0.007592502
303824  1.081937684 0.007661687
303825  1.081811066 0.007628037
303832  1.083491846 0.007587426
303838  1.08481564  0.007585465
303885  1.0945425   0.007593413
303948  1.107596641 0.007604293
303989  1.116433713 0.007603433
303998  0.948022968 0.004900183
303999  0.948046106 0.004901382
304000  0.948014802 0.004959176
304062  0.949763579 0.004944783
304119  0.951440771 0.004918098
304120  0.951424702 0.004937436
304125  0.951494519 0.004939846
304144  0.952075758 0.004916765
304158  0.952422539 0.004932287
304169  0.952771507 0.004883289
304170  0.952745414 0.004940659
304196  0.953284519 0.00496286
304197  0.953600239 0.00509406
304198  0.953595778 0.004807569
304199  0.952918647 0.005085054
304200  0.953627678 0.004941582
304204  0.953777408 0.004923345
304209  0.953897777 0.004921909
304291  0.956133495 0.004933921
304292  0.956199032 0.004911248
304333  0.957324728 0.004905844
304354  0.957962395 0.004900364
304366  0.958229452 0.004906088
304446  0.960518828 0.004872455
304447  0.960528507 0.00485099
304448  0.958762672 0.005118188
304449  0.960536414 0.00541309
304451  0.960478446 0.005059184
304505  0.962178717 0.004834013
304506  0.962207782 0.004842647
304507  0.962234671 0.004910127
304508  0.96211405  0.00491961
304562  0.963700969 0.004907102
304616  0.965222131 0.004870226
304625  0.965530676 0.004842108
304626  0.965540881 0.004949828
304654  0.966293646 0.004898052
304655  0.966317882 0.004856441
304661  0.966408017 0.004985157
304662  0.96647759  0.004899515
304663  0.966537973 0.004860452
304671  0.966767955 0.004855904
304672  0.966792707 0.004815001
304737  0.96858337  0.005012246
304738  0.968630792 0.004887286
304739  0.968932204 0.00477934
304740  0.968595482 0.004828056
304776  0.969668148 0.00499492
304777  0.969713852 0.004934714
304778  0.969674178 0.0048839
304797  0.970263276 0.004874338
305040  1.056853713 0.005264222
305043  1.057066857 0.00525417
305044  1.057247164 0.005236598
305045  1.057241516 0.005281726
305046  1.057303155 0.005287751
305059  1.058221401 0.005265622
305062  1.058896679 0.005256029
305063  1.058344707 0.005279225
305064  1.058449048 0.005246665
305081  1.059529601 0.005246463
305112  1.0615244   0.005266163
305113  1.061622189 0.005308218
305114  1.061572718 0.005309452
305178  1.065733504 0.005276366
305179  1.065843079 0.00527983
305183  1.066206427 0.005276923
305186  1.066394317 0.005273759
305188  1.066490414 0.005235408
305202  1.06744069  0.005228994
305204  1.067532226 0.005235068
305207  1.067699375 0.005327757
305208  1.067718282 0.005245372
305237  1.069685292 0.005291839
305247  1.07033641  0.005334859
305248  1.070466605 0.005332922
305249  1.070768845 0.00498421
305282  1.072613123 0.005393801
305310  1.074417014 0.005301869
305311  1.074439541 0.00515718
305312  1.074590121 0.005168207
305313  1.074539961 0.005245954
305314  1.0746043   0.005258754
305336  1.076253053 0.005248486
305341  1.076566258 0.005249477
305351  1.0771188   0.005256256
305358  1.077712578 0.005302969
305364  1.07799947  0.005273931
305365  1.07800988  0.005269543
305366  1.078152844 0.005284381
305376  1.078674865 0.00531143
305377  1.078900654 0.005303723
305405  1.080759222 0.005372477
305406  1.080838906 0.0053459
305440  1.082889647 0.005346447
305441  1.082961886 0.005329603
305516  1.087918896 0.005302423
305517  1.087934403 0.005332026
305518  1.088113397 0.005332075
305586  1.09250434  0.0052752
305588  1.092633455 0.005386532
305590  1.092746799 0.005261653
305636  1.095833037 0.005278943
305766  1.104018422 0.005245016
305809  1.106928843 0.005161611
305814  1.107203933 0.005220557
305821  1.107556622 0.005234333
305832  1.108146428 0.005225726
305840  1.1088057   0.005240176
305842  1.108993958 0.005286165
305862  1.110306187 0.005230912
305898  1.112699746 0.005229632
305902  1.112903443 0.005277304
305967  1.117143691 0.005287355
306029  1.121017824 0.005315431
306030  1.121082117 0.00532172
306036  1.122080819 0.004900048
306037  1.121359429 0.005108484
306038  1.121729608 0.005250799
306041  1.121914646 0.00524795
306042  1.121980875 0.005218376
306048  1.122356753 0.005284944
306049  1.122441898 0.005207396
306051  1.122740055 0.005103179
306091  1.12511629  0.005209227
306092  1.125257003 0.005219375
306093  1.131412048 0.000534356
306095  1.125453801 0.005184312
306121  1.127277434 0.005132002
306122  1.127283017 0.005172112
306125  1.127463496 0.005179605
306134  1.128017848 0.005104804
306135  1.127992164 0.005231241
306137  1.128288713 0.005371827
306138  1.128173199 0.005230345
306139  1.128212508 0.005245016
306153  1.129152328 0.005182329
306154  1.129293326 0.005196144
306155  1.129381621 0.005206794
306169  1.130137748 0.005284993
306170  1.130003424 0.005345406
306171  1.130264881 0.005143699
306422  1.146662768 0.005276814
306423  1.146748641 0.005246251
306425  1.149560479 0.004514101
306432  1.14728402  0.005270791
306454  1.148703038 0.005234016
306455  1.148610151 0.005148208
306456  1.148760041 0.005261783
306458  1.148996332 0.00521789
306459  1.149020856 0.005212965
306460  1.148840752 0.00536104
306462  1.149277586 0.005144265
