315257 1.1740631906 0.00899024730782
315258 1.17574974202 0.00865993393679
315259 1.1738386902 0.00919276753451
315264 1.17429865292 0.00908879479574
315265 1.17443990883 0.0090582983987
315267 1.17461066303 0.00900461341757
315270 1.17467841981 0.00906388937781
315322 1.17765760378 0.00904939055056
315339 1.17865827514 0.00902826388575
315357 1.17969074158 0.00903500056424
315361 1.17987881005 0.00904765298603
315363 1.18000442071 0.00905791544421
315365 1.18010601871 0.00909560124707
315366 1.18016492938 0.0090593757705
315420 1.18326830086 0.00907544601514
315488 1.18724098354 0.0090539675524
315489 1.18722864671 0.00909861673601
315490 1.18716859546 0.00905036911623
315506 1.18845523048 0.00900032481845
315509 1.18852922483 0.00896702606203
315510 1.18850980407 0.00902897222555
315512 1.18845673053 0.00909264317614
315543 1.19048423515 0.00897336484306
315555 1.1910090864 0.00906396717332
315557 1.19095058635 0.00927527431796
315640 1.19611413966 0.00889437511876
315641 1.19642067802 0.00900102064414
315642 1.19618944435 0.0089801970164
315644 1.19623859014 0.00900916148152
315645 1.19626102467 0.00906277673391
315646 1.19636755475 0.00895110770635
315647 1.19597103818 0.00917910934669
315648 1.19620146476 0.00917260072269
315689 1.19873921769 0.00906170345911
315705 1.19963345454 0.0090103544693
315713 1.20015487361 0.00904584597581
315721 1.20067122146 0.00901476161913
315741 1.20206263348 0.00891630372919
315764 1.20319361674 0.00898831774046
315770 1.203544557 0.00899136706643
315784 1.20436983891 0.00896798134039
315785 1.20427502353 0.00904652312667
315786 1.20418094845 0.00913208954412
315790 1.2044329029 0.00905427352958
315800 1.20513402017 0.00905855378749
315801 1.20515691387 0.00903096818323
315840 1.20740731394 0.00905756263405
315973 1.21508026454 0.0090428506931
315974 1.21490182384 0.00913703456743
316058 1.21999813838 0.00902133810604
316059 1.21988947485 0.00906434014013
316060 1.21984175202 0.00910701026435
316061 1.22000059571 0.00906963277332
316062 1.22095748562 0.00863089027042
316082 1.22131149073 0.00901494010263
316109 1.23052413582 0.0
316110 1.22293093761 0.00902504293829
316111 1.22292350128 0.00903747720176
316113 1.22298624233 0.00903879053937
316114 1.22295988851 0.00910480109384
316151 1.22443600001 0.00948276312873
316153 1.22533073632 0.00904951703906
316186 1.2274500261 0.00894132257519
316187 1.22721763454 0.0090876367128
316199 1.22805609514 0.00904141954017
316200 1.22795101682 0.00919114098306
316201 1.22812893834 0.0090757410901
316202 1.22814570612 0.00906517025135
316216 1.22898279665 0.00903149709515
316217 1.22889573266 0.00911913234826
316218 1.22889347132 0.00911002484418
316219 1.22906049664 0.0090627980166
316239 1.23032662577 0.0090317260446
316240 1.2301955163 0.0090880561832
316241 1.2302381234 0.00907088038006
316271 1.23226772997 0.0089689548121
316361 1.23726859456 0.00906718523369
316362 1.23727709069 0.00905879568674
316363 1.23700361976 0.00919755802143
316377 1.23822463989 0.00909983773242
316378 1.23776331691 0.00911609052101
316379 1.23850758704 0.00888334017179
316380 1.23825565935 0.00910981864295
316455 1.24269624261 0.00892953146452
316456 1.24281182817 0.00924627418664
316457 1.24259396506 0.00907583592191
316469 1.24345270421 0.0090270590383
316470 1.24316334714 0.00917887525872
316472 1.24321284246 0.00919377077162
316505 1.24530300433 0.00909519164401
316569 1.24908471321 0.00908564240269
316590 1.25034541157 0.00905545037596
316613 1.25172908541 0.00899976359829
316615 1.25179089492 0.00905299036497
316665 1.25453365089 0.00913332916029
316666 1.25460947714 0.00911334999362
316667 1.2546272344 0.00917872123198
316701 1.25666496644 0.00913672433225
316702 1.25644522072 0.00920462127728
316715 1.25754824308 0.00910818796477
316716 1.25767451876 0.00903250160163
316717 1.25750902871 0.00918114899333
316718 1.25782681094 0.00894756606575
316719 1.25746478574 0.00912032800485
316720 1.25756577706 0.00907702457941
316721 1.25845393493 0.00864154362141
316722 1.2575164155 0.0091536520684
316723 1.25818703772 0.00892816152937
316758 1.1720611646 0.00968069977808
316766 1.17271723617 0.00967639143293
316876 1.18185191892 0.0097045478868
316877 1.18177799646 0.00973126229139
316879 1.1818760422 0.00991551013973
316928 1.18597893721 0.00979566740372
316944 1.18745587118 0.00970173071123
316985 1.19094659093 0.00967828000485
316993 1.19170910029 0.00963118623423
316994 1.1923594385 0.00937974149199
316995 1.19157635101 0.00978151558276
317080 1.1987744629 0.00977271760668
317087 1.19939738484 0.00968774397458
317088 1.20031889176 0.00399001922685
317089 1.19932698271 0.00987565148071
317182 1.207438187 0.0096525100468
317212 1.21010908116 0.00951650080447
317213 1.2101457287 0.00959670049398
317279 1.2154113468 0.00976358880149
317291 1.21649397557 0.00964640185555
317292 1.21639733711 0.00971989741938
317295 1.21484465177 0.0111917891389
317296 1.21737146269 0.00956083618449
317297 1.2165563965 0.00985306668254
317319 1.21872530443 0.00981565233116
317320 1.2188404907 0.00972370259692
317338 1.22085417221 0.0094375983151
317339 1.22065686323 0.00959266304314
317340 1.22057292493 0.0096576670459
317382 1.22416129693 0.00967296601501
317383 1.2242785223 0.00957116012391
317391 1.22518592727 0.0093561277963
317392 1.22478508585 0.00972188819139
317434 1.22835779361 0.00976650931027
317435 1.22835277168 0.00971848039746
317438 1.22826054389 0.00980319567253
317475 1.18299750441 0.0107901739299
317478 1.18390772608 0.0109099730638
317479 1.1828524707 0.0116698343524
317480 1.1872679245 0.00897912020435
317481 1.1838854035 0.0111993821599
317482 1.18754872887 0.00931333441809
317484 1.1854455543 0.0109045565147
317488 1.17559156102 0.00978706478916
317509 1.18224562867 0.00955663703935
317510 1.1823703376 0.00970552471676
317511 1.18260135234 0.00972221750875
317512 1.18282492926 0.00974304595003
317527 1.1872470443 0.00977377251314
317591 1.20625643538 0.00968712884904
317626 1.21649116371 0.00973562103928
317640 1.22071492731 0.009708893839
317641 1.22094841537 0.00967731563616
317648 1.22307059608 0.00965722439131
317649 1.22331543204 0.00970597337777
317650 1.22343736833 0.00976702791347
317661 1.2382979957 0.01087216361
317663 1.2387444332 0.0108999598903
317683 1.23358931872 0.00958223424286
317696 1.23719465558 0.00970322505536
318733 1.20188096077 0.0111552214448
318816 1.20747255422 0.00929379174275
318819 1.20893686669 0.00774356502409
318820 1.20685734642 0.0102639271242
318828 1.20577178243 0.0108265822658
318872 1.20735486427 0.0108843940975
318874 1.2072731589 0.0109045022354
318876 1.20752739258 0.0108148602641
318877 1.20744020721 0.0109488866643
319077 1.21532186915 0.0108128505991
319337 1.22492013854 0.0108960972014
319347 1.22546362404 0.0108370792678
319348 1.22541276133 0.0107522195786
319349 1.22511689743 0.0110916637683
319449 1.22935185451 0.010847628161
319450 1.22910560015 0.0109903276862
319456 1.22944243185 0.0109461928429
319459 1.22950259566 0.0107963688567
319486 1.2311801342 0.0106207554904
319503 1.23121983195 0.0108240822726
319524 1.23201677748 0.0109148043754
319526 1.23190757163 0.0109813666841
319528 1.2320509081 0.0110182199393
319579 1.23411255245 0.0108911541881
319625 1.23602203297 0.0108672463778
319639 1.23646767651 0.0108506554582
319656 1.23719753584 0.0108207071525
319657 1.23707383539 0.0109354655252
319658 1.23712346759 0.0109495856292
319659 1.2370246177 0.0109926403389
319678 1.23807266664 0.0108469464837
319687 1.23831343726 0.0108898811837
319697 1.23860725968 0.0108862130688
319698 1.23861329665 0.0108803089686
319756 1.24084299484 0.010905621153
319840 1.24410215472 0.0108838158003
319841 1.24417436451 0.0108091088926
319847 1.24430412549 0.0109878710767
319848 1.24471267898 0.0106536541117
319849 1.2443530513 0.0109344905882
319851 1.24509964134 0.00973175859616
319852 1.24713431295 0.00830155262666
319853 1.24439091505 0.0109876311601
319854 1.24443100274 0.0110155122489
319908 1.24682607025 0.010792429083
319909 1.24616862981 0.0108324371571
319910 1.24672853404 0.0108966901528
319912 1.24636026609 0.0111665626399
319913 1.24663330629 0.0111147981236
319914 1.24628361901 0.0111409455991
319915 1.24684389488 0.0109143451377
319941 1.24808663774 0.0107713615507
319942 1.24791549451 0.0108773124523
319950 1.2484963024 0.0107788593361
319991 1.2499680813 0.0107912722568
319992 1.24980400918 0.0108532207365
319993 1.24975002045 0.0108874467254
320002 1.25047657701 0.0108161851804
320006 1.25035477631 0.01090709651
320007 1.25031256123 0.0109219093427
320008 1.25067321534 0.0107477692013
320009 1.25044397188 0.010915927738
320010 1.2505496843 0.0108154874461
320011 1.2503647931 0.0109830064847
320012 1.25078031727 0.0108859937525
320023 1.25111426685 0.0108347676094
320024 1.25108332845 0.0108699050361
320025 1.25147408191 0.0108576711239
320026 1.25104498157 0.0110262279801
320038 1.25164005821 0.0108863592885
320039 1.25168788607 0.0108341056925
320040 1.25156269793 0.010949877019
320058 1.25272150331 0.0107424401262
320059 1.25259235497 0.010799436705
320060 1.25222989709 0.0111351913644
320061 1.25248920143 0.0108502980151
320062 1.25282470239 0.0107400040977
320063 1.2527033515 0.0108484331058
320064 1.25249995516 0.0108731511374
320065 1.25242655739 0.0110133494025
320500 1.18330773754 0.00031590461731
320569 1.17568834604 0.0100865188893
320570 1.1731960502 0.0103347255627
320673 1.17600081793 0.0111145945645
320674 1.17611979602 0.0110870474605
320688 1.17607029748 0.0110237088992
320712 1.17610461608 0.0110753702509
320757 1.17648190799 0.0109567607213
320804 1.17623618697 0.0110692104423
320807 1.17895043629 0.0107778332392
320809 1.17593820314 0.0111833791077
320821 1.17658889948 0.0109546911541
320822 1.17621157587 0.0111863483769
320823 1.17614481175 0.0111223477996
320824 1.17609710375 0.011181302508
320838 1.17638163859 0.0110528321277
320840 1.17627238405 0.0110473566825
320841 1.17557893172 0.0113518896709
320853 1.17671449612 0.0106792758159
320917 1.17646593588 0.0108574230806
320933 1.17710786528 0.0108660337997
320934 1.17654820497 0.0110318096852
320936 1.17626435806 0.0111550744582
320941 1.17627351783 0.011357327625
320980 1.17698269442 0.0109630961358
320995 1.176853706 0.0110074973752
320996 1.17665811801 0.0111552572061
321004 1.17663924058 0.0110781709658
321005 1.17664708497 0.0110051044443
321006 1.17646962201 0.011161120748
321007 1.17649684331 0.0110915502445
321009 1.17649757001 0.0111108592077
321010 1.17629085812 0.0111784914686
321011 1.17682956169 0.0109873832248
321012 1.17766286149 0.0107477669582
321051 1.17681826481 0.0111195939023
321055 1.17635611466 0.0112270488766
321067 1.17670090729 0.01107115507
321068 1.17638763028 0.0111837045938
321069 1.17656307965 0.0111144694543
321119 1.17693850805 0.0110604430819
321121 1.17715170991 0.0110331128022
321122 1.17689480313 0.0110561542043
321124 1.17674257664 0.0111054822227
321126 1.17639838704 0.0112936824341
321134 1.17695215462 0.0111405839026
321138 1.17692759391 0.0109899973346
321140 1.17669683942 0.0110496184908
321149 1.17680972127 0.0110801113742
321219 1.17702018602 0.0111047258411
321221 1.1765246711 0.011102500551
321230 1.17718648009 0.0109837729468
321231 1.17770373698 0.0107783417915
321232 1.17756741293 0.0109019973486
321233 1.17712092551 0.0110172666601
321261 1.17787941046 0.0108106158838
321262 1.17728036091 0.0110548970282
321283 1.17747115237 0.0109160881471
321294 1.17714889406 0.0110975040859
321295 1.17692377186 0.011198449572
321296 1.1768958083 0.0110483780588
321305 1.17738934781 0.011008207953
321310 1.17742691626 0.0103565303407
321312 1.17701321265 0.0110009265124
321313 1.17687481123 0.0111440455604
321393 1.177530645 0.010892324111
321396 1.17742948789 0.0110690725765
321397 1.17728140603 0.0111853129452
321414 1.17755739561 0.0109884050791
321415 1.17721173316 0.0111694545682
321431 1.17768116945 0.0110249249611
321432 1.17773937046 0.0110115650314
321433 1.17747315492 0.0110900360376
321434 1.17745638462 0.011056576013
321436 1.17719945644 0.011188115184
321457 1.17757810982 0.0110050276663
321461 1.17740349194 0.0111835243158
321475 1.17745737565 0.0110787351796
321710 1.1778724648 0.011204566404
321712 1.17808665014 0.0110242072791
321730 1.17838007723 0.0108522138574
321732 1.17840239536 0.0108387743173
321760 1.17779551738 0.0109447615691
321776 1.17941269564 0.00981903454431
321777 1.17846037128 0.0106377684755
321780 1.17790642371 0.010688670895
321781 1.17769945214 0.0110588993105
321794 1.1781824877 0.0109594821331
321813 1.17831460087 0.011000000715
321815 1.17809961592 0.0108928106493
321817 1.17810556821 0.0111062846428
321818 1.17791697432 0.0110492050825
321820 1.17818010112 0.0109915675357
321831 1.27396169389 0.0123545906392
321832 1.27370095673 0.0124960103227
321833 1.27376232832 0.012393725886
321834 1.27377918174 0.0124524624962
321879 1.27538800647 0.0124126134806
321880 1.27519216983 0.0124704597748
321887 1.27542079865 0.0124888942917
321908 1.27623739645 0.0124262606146
321909 1.27620843218 0.0124339302001
321917 1.27657744156 0.0124106694005
321933 1.276864245 0.0124596626323
321960 1.27661095285 0.0131035516995
321961 1.27804159338 0.0123630404597
321973 1.27820885651 0.0124132240637
321975 1.27786659869 0.0126423617922
321988 1.27861868136 0.0124359124012
321990 1.27845990588 0.0123837220283
322013 1.27929447432 0.0124024378282
322014 1.27971850918 0.0121600838734
322022 1.2795523252 0.0125123266707
322040 1.28046878092 0.0122906690116
322057 1.28103411325 0.0122627751735
322068 1.28127039463 0.0123635441276
322079 1.28156783465 0.012388984133
322088 1.28133876157 0.0125953618857
322118 1.2824336628 0.012558483377
322179 1.28426285696 0.0124861543947
322201 1.28526694268 0.0124034555119
322204 1.28495673383 0.0125340181821
322222 1.28513737873 0.0127698694414
322252 1.28659708857 0.0124595517611
322317 1.28902467092 0.012140434187
322319 1.28869569486 0.0124203626173
322322 1.28886201762 0.0124485572465
322324 1.28895099445 0.0123638475176
322332 1.28910424283 0.0125020221128
322348 1.28961668967 0.0124976220722
322355 1.29024440305 0.0123334395547
322356 1.28978981819 0.0125296810955
322381 1.290554797 0.0125290267038
322407 1.29130958688 0.0125038604246
322430 1.29195740181 0.012509406587
322431 1.2920559599 0.0125227118512
322492 1.29387710905 0.0125246891005
322510 1.27318926217 0.0127676234678
322599 1.27610716118 0.0123721740808
322602 1.27629820905 0.0122153665681
322605 1.27607770057 0.0124130115492
322616 1.27621956317 0.0126720002088
322617 1.27621151343 0.0124958850486
322625 1.27637764206 0.012525968219
322633 1.27649301786 0.0125862658152
323414 1.29107059245 0.0122306737242
323416 1.29050681594 0.0127957354161
323417 1.29117054638 0.0125822194961
323418 1.29114590629 0.0127980950859
323419 1.29068629861 0.0129236287497
323420 1.29089877779 0.0129286249318
323421 1.29141915986 0.0125674150758
323423 1.29117881901 0.0129565536722
323470 1.29536598522 0.0126300878018
323471 1.29544472348 0.0126446708254
323472 1.29546763678 0.0127322360013
323473 1.29544342559 0.0126219628949
323474 1.29510136949 0.0128931520991
323475 1.29520656396 0.0128716786799
323487 1.29642677702 0.012783874458
323488 1.29652504102 0.0127942671151
323492 1.29652534052 0.0128334823257
323493 1.29662627216 0.012871401202
323495 1.29679699423 0.0130508760136
323524 1.29940383856 0.0128182646337
323525 1.29925606443 0.012944756301
323526 1.29934818072 0.0129875196936
323693 1.3130480491 0.0127862153669
323696 1.31326799053 0.01285006594
323702 1.31353998838 0.0128706579802
323725 1.31577698825 0.0127602822252
323726 1.31555210751 0.0127572388337
323727 1.31572198993 0.0128519622423
323755 1.31835740417 0.0127025173834
323775 1.31969921162 0.0126700187337
323778 1.31992669961 0.0127260254524
323790 1.32091400047 0.0127028486765
323794 1.32140488977 0.0127558780029
323841 1.325170284 0.0126803549929
323857 1.32598180082 0.012920163048
323940 1.33306596703 0.0127020092944
323954 1.33447945021 0.0126587218273
323976 1.33595800607 0.012706461585
323978 1.33621706982 0.0126635473593
323980 1.33610808081 0.0127913536364
323983 1.33631121509 0.0127861751986
323997 1.33722644168 0.0128869839217
324021 1.33959449263 0.0126951464014
324022 1.33945970163 0.0128383746119
324077 1.34417206621 0.0126769533126
324201 1.3540768275 0.0127241924586
324202 1.35320906703 0.0130875716662
324205 1.35450294047 0.0126714730481
324206 1.35489383959 0.0130400419312
324245 1.0 0.0143698424355
324293 1.33153950671 0.0143255917339
324315 1.3322461187 0.0141864166129
324318 1.33207537512 0.0143973527203
324420 1.33471125209 0.0143210966729
324729 1.34334235151 0.0137945066366
324747 1.34253583001 0.0143763997719
324764 1.34326025714 0.0141617133007
324765 1.34262214767 0.0146096447448
324769 1.34334797487 0.0142126815836
324772 1.34295965314 0.0146551576331
324785 1.34339238301 0.0144339667733
324791 1.34341628977 0.0144017380724
324835 1.34458703328 0.0145532721859
324841 1.345116104 0.0144193091429
324878 1.34592124299 0.0142356445341
324897 1.34644009397 0.0142340220668
324970 1.34802113172 0.014323159319
324980 1.34815950454 0.014420143015
324997 1.34885085041 0.014270123881
324998 1.34855653749 0.0144803930386
324999 1.34937230014 0.0141246584113
325000 1.3488689476 0.014307140407
325001 1.34830256989 0.0145512856449
325022 1.34932117266 0.0143070300437
325057 1.35015500867 0.0142990079124
325099 1.35065651973 0.014502119432
325101 1.3521747035 0.0135455417305
325117 1.35065239924 0.0141044767066
325168 1.35321182944 0.0141100617529
325170 1.35269677758 0.0143897160086
325172 1.35262438961 0.0144965135787
