574652416 +1.101914
574685184 +1.130617
574717952 +3.196496
574750720 +2.340381
574783488 +1.338102
574914560 -0.542346
574947328 +1.416897
574980096 +3.208836
575012864 +1.902228
575045632 +1.070165
575176704 +1.395894
575209472 +1.463625
575242240 +3.794219
575275008 +2.051150
575307776 +1.079301
575438848 +1.135283
575471616 +0.683005
575504384 +2.991708
575537152 +1.830758
575569920 +1.197326
575700992 +2.188293
575733760 +1.896078
575766528 +2.198576
575799296 +3.056178
575832064 +2.650020
575963136 +1.767991
575995904 +1.863877
576028672 +2.179388
576061440 +2.681696
576094208 +1.438565
576225280 +1.486414
576258048 +1.432990
576290816 +2.938756
576323584 +2.424420
576356352 +1.075710
576487424 +2.999570
576520192 +1.300635
576552960 +3.754376
576585728 +2.231592
576618496 +1.962937
576749568 +2.222463
576782336 +0.698074
576815104 +3.565007
576847872 +2.509801
576880640 +1.872035
577011712 +2.822059
577044480 +0.826720
577077248 +3.473794
577110016 +2.593053
577142784 +3.339556
577273856 +0.984720
577306624 +3.554411
577339392 +4.086828
577372160 +2.866944
577404928 +1.687385
577536000 +2.561522
577568768 +1.302277
577601536 +3.293605
577634304 +2.245898
577667072 +3.724203
577798144 +1.650954
577830912 +1.189498
577863680 +3.200462
577896448 +2.549775
577929216 +2.302958
578846720 +1.689166
578879488 +1.201577
578912256 +3.494183
578945024 +1.931805
578977792 +1.356408
579108864 +1.078220
579141632 +0.986477
579174400 +2.997759
579207168 +1.913961
579239936 +1.112561
579371008 +1.493208
579403776 +0.800880
579436544 +3.050527
579469312 +2.330501
579502080 +1.447295
579633152 +0.807883
579665920 +3.302908
579698688 +3.469673
579731456 +1.823299
579764224 +1.211120
579895296 +1.149092
579928064 +4.261138
579960832 +2.350283
579993600 +1.916377
580026368 +1.583367
580157440 +1.457698
580190208 +2.102700
580222976 +2.914991
580255744 +2.923313
580288512 +1.515406
580419584 +1.023606
580452352 +2.702144
580485120 +2.809481
580517888 +2.869547
580550656 +1.567550
580681728 +2.672761
580714496 +1.400974
580747264 +3.420177
580780032 +2.552198
580812800 +1.425529
580943872 +1.289398
580976640 +1.747128
581009408 +3.631774
581042176 +1.929858
581074944 +0.614513
581206016 +4.381135
581238784 +0.963045
581271552 +3.516448
581304320 +2.514162
581337088 +1.491717
581468160 +0.995040
581500928 +1.224253
581533696 +4.181094
581566464 +2.277940
581599232 +1.557577
581730304 +1.388523
581763072 +0.897321
581795840 +3.155899
581828608 +2.298410
581861376 +1.570356
581992448 +3.213926
582025216 +0.930192
582057984 +3.119326
582090752 +1.834987
582123520 +1.818664
583041024 +1.298425
583073792 +1.160260
583106560 +3.105474
583139328 +2.172331
583172096 +1.026883
583303168 -0.042838
583335936 +0.825005
583368704 +3.335333
583401472 +3.113000
583434240 +2.416324
583565312 +2.294705
583598080 +0.762948
583630848 +3.720091
583663616 +1.889802
583696384 +1.043015
583827456 +1.422613
583860224 +0.797045
583892992 +2.759128
583925760 +2.527465
583958528 +1.665271
584089600 +2.758314
584122368 +1.577484
584155136 +1.990615
584187904 +2.143507
584220672 +2.337807
584351744 +1.567601
584384512 +2.035199
584417280 +2.638938
584450048 +2.520846
584482816 +1.942372
584613888 +2.484979
584646656 +1.322256
584679424 +3.162813
584712192 +2.094527
584744960 +2.860603
584876032 +2.185168
584908800 +1.471997
584941568 +3.131511
584974336 +1.829331
585007104 +1.487829
585138176 +3.057999
585170944 +1.507633
585203712 +3.582745
585236480 +2.342902
585269248 +0.579317
585400320 +3.839292
585433088 +3.559743
585465856 +1.882511
585498624 +2.399285
585531392 +1.437448
585662464 +1.320326
585695232 +1.377370
585728000 +3.149489
585760768 +1.773374
585793536 +1.579385
585924608 +1.326006
585957376 +1.938473
585990144 +3.217346
586022912 +1.086441
586055680 +2.024540
586186752 +1.360678
586219520 +1.562795
586252288 +3.140550
586285056 +2.802467
586317824 +2.122262
587235328 +1.974271
587268096 +1.111128
587300864 +3.260700
587333632 +1.981943
587366400 +1.995189
587497472 +1.257440
587530240 +1.190263
587563008 +3.723132
587595776 +1.896212
587628544 +2.349502
587759616 +0.924360
587792384 +0.518129
587825152 +3.135229
587857920 +2.116447
587890688 +1.508590
588021760 +1.304272
588054528 +0.738125
588087296 +3.277443
588120064 +2.574290
588152832 +0.405823
588283904 +4.092029
588316672 +0.766788
588349440 +4.100101
588382208 +2.628034
588414976 +1.551736
588546048 +1.932137
588578816 +0.883040
588611584 +2.878373
588644352 +1.593941
588677120 +2.955959
588808192 +1.354208
588840960 +1.202125
588873728 +3.657558
588906496 +2.054957
588939264 +2.087612
589070336 +2.181991
589103104 +0.903304
589135872 +4.046954
589168640 +2.556933
589201408 +2.729306
589332480 +1.736864
589365248 +2.096483
589398016 +3.396392
589430784 +2.334215
589463552 +1.547501
589594624 +2.226802
589627392 +0.088052
589660160 +4.358719
589692928 +2.067026
589725696 +2.328736
589856768 +1.719695
589889536 +1.104384
589922304 +3.373079
589955072 +1.652477
589987840 +1.797208
590118912 +0.860483
590151680 +1.363295
590184448 +3.592886
590217216 +1.940126
590249984 +1.971114
590381056 +1.785232
590413824 +1.180677
590446592 +4.208909
590479360 +1.791567
590512128 +2.648714
590643200 +1.963751
590675968 +1.439147
590708736 +2.236556
590741504 +2.866915
590774272 +1.546003
590905344 +1.803017
590938112 +3.164792
590970880 +3.302521
591003648 +2.338401
591036416 +2.013221
604017152 -1.820554
604017160 -2.385428
604017168 -3.935785
604017176 -2.662537
604017184 +5.126117
604017192 -2.764229
604017200 -2.201162
604017208 -0.351019
604017216 -1.184317
604017224 -1.167534
604017232 -1.976292
604017240 -2.184137
604017248 -1.439660
604017256 -1.707234
604017264 -1.882725
604017272 -3.578194
604017280 -1.610111
604017288 -3.724544
604017296 -1.287103
604017304 -0.861087
604017312 -1.636565
604017320 -1.567077
604017328 -0.801511
604017336 -1.380894
604017344 +0.773493
604017352 -2.649519
604017360 +0.060900
604017368 -5.231665
604017376 -2.674456
604017384 -5.942300
604017392 -1.334803
604017400 -2.167127
604017408 -1.973809
604017416 -1.370993
604017424 +2.218696
604017432 -2.428209
604017440 -1.853994
604017664 -0.934650
604017672 -1.122439
604017680 -1.749920
604017688 -2.457988
604017696 +4.862248
604017704 -1.161646
604017712 -2.295695
604017720 -0.265832
604017728 -0.652387
604017736 -1.480773
604017744 -2.031484
604017752 -0.256997
604017760 +0.332111
604017768 -0.625527
604017776 -1.100256
604017784 -1.104833
604017792 -1.472230
604017800 -1.058977
604017808 -0.953271
604017816 -0.875392
604017824 -2.464388
604017832 -0.949486
604017840 -0.627426
604017848 -1.068173
604017856 +1.684798
604017864 -0.487001
604017872 +0.896470
604017880 -2.832098
604017888 -1.119929
604017896 -3.822753
604017904 +0.135741
604017912 -0.999703
604017920 -0.291428
604017928 +0.062144
604017936 -1.040994
604017944 +0.015953
604017952 -1.033986
604018176 +2.065393
604018184 +2.266349
604018192 +1.781159
604018200 +1.598489
604018208 +2.489143
604018216 +2.948756
604018224 +2.302146
604018232 +1.740301
604018240 +2.512821
604018248 +1.666559
604018256 +1.155578
604018264 +1.175059
604018272 +2.510842
604018280 +1.233230
604018288 +1.688047
604018296 +0.437005
604018304 +2.329246
604018312 +2.277377
604018320 +2.717626
604018328 +4.186805
604018336 +3.055977
604018344 +2.104165
604018352 +1.714857
604018360 +1.857010
604018368 +2.000819
604018376 +2.441356
604018384 +1.195956
604018392 +0.708256
604018400 +1.456777
604018408 +1.068175
604018416 +1.331811
604018424 +1.124394
604018432 +2.580875
604018440 +1.797067
604018448 +0.929304
604018456 +1.611284
604018464 +0.171977
604018688 +1.415445
604018696 +1.041826
604018704 +1.922818
604018712 +2.851636
604018720 +2.697615
604018728 +1.782105
604018736 +1.566926
604018744 +1.950151
604018752 +1.444290
604018760 +1.637116
604018768 +1.990250
604018776 +6.040402
604018784 +1.178736
604018792 +2.327995
604018800 +0.620871
604018808 +3.282077
604018816 +6.046555
604018824 +2.255183
604018832 +1.631618
604018840 +2.524626
604018848 +1.532387
604018856 +2.258678
604018864 +1.957315
604018872 +1.899341
604018880 +2.148758
604018888 +1.845051
604018896 +1.778489
604018904 +0.329693
604018912 +1.768219
604018920 +1.708376
604018928 +1.430222
604018936 +2.253972
604018944 +1.794393
604018952 +3.427596
604018960 +1.395926
604018968 +1.565057
604018976 +2.347513
604021248 +1.446734
604021256 +1.048499
604021264 +1.786377
604021272 +1.437994
604021280 +1.580523
604021288 +1.014643
604021296 +0.763448
604021304 +0.494720
604021312 +1.194437
604021320 +1.572601
604021328 +1.588991
604021336 +2.569244
604021344 +1.082032
604021352 +1.433153
604021360 +1.240789
604021368 +1.812900
604021376 +2.805223
604021384 +0.823331
604021392 +1.221833
604021760 +2.189654
604021768 +2.494472
604021776 +2.880183
604021784 +2.692186
604021792 +3.969966
604021800 +1.275695
604021808 +2.494248
604021816 +1.996197
604021824 +2.610616
604021832 +2.329115
604021840 +1.437513
604021848 +2.514226
604021856 +2.518029
604021864 +1.867721
604021872 +1.393811
604021880 +2.317340
604021888 +2.032250
604021896 +2.617434
604021904 +2.091623
604021912 +1.849622
604021920 +2.303314
604021928 +0.481656
604021936 +1.312661
604021944 +2.286350
604021952 +1.479869
604021960 +2.709308
604021968 +1.703483
604021976 +2.101098
604021984 +2.019120
604021992 +1.867224
604022000 +2.043636
604022008 +2.386992
604022016 +2.018640
604022024 +2.144511
604022032 +1.358233
604022040 +1.897466
604022048 +2.045281
604025344 +1.220241
604025352 +1.457513
604025360 +1.198693
604025368 +0.873385
604025376 +1.180133
604025384 +0.650593
604025392 +0.977135
604025400 +1.300179
604025408 +0.957836
604025416 +1.310565
604025424 +0.662711
604025432 +1.193543
604025440 +1.325445
604025448 +0.757559
604025456 +1.163992
604025464 +1.284470
604025472 +1.353048
604025480 +0.758511
604025488 +0.733047
604025856 +2.103728
604025864 +1.387973
604025872 +1.946980
604025880 +1.216586
604025888 +1.597082
604025896 +2.752096
604025904 +1.503261
604025912 +2.692368
604025920 +1.328198
604025928 +2.004628
604025936 +2.627123
604025944 +1.807146
604025952 +0.904694
604025960 +2.054138
604025968 +2.215019
604025976 +1.927637
604025984 +2.452068
604025992 +1.396620
604026000 +1.931495
604026008 +1.897903
604026016 +2.512763
604026024 +2.586432
604026032 +1.593320
604026040 +2.179574
604026048 +2.181995
604026056 +2.027277
604026064 +1.890762
604026072 +1.820914
604026080 +2.200565
604026088 +1.807877
604026096 +2.264907
604026104 +1.988934
604026112 +1.980132
604026120 +1.764865
604026128 +2.007778
604026136 +2.029143
604026144 +2.201844
604029440 +1.511564
604029448 +1.659251
604029456 +1.475385
604029464 +1.599212
604029472 +1.459452
604029480 +1.053923
604029488 +1.195152
604029496 +2.275861
604029504 +1.018939
604029512 +1.401108
604029520 +1.127508
604029528 +1.359601
604029536 +5.725778
604029544 +1.786818
604029552 +1.221101
604029560 +1.460717
604029568 +1.548608
604029576 +0.917483
604029584 +1.518516
604029952 +0.953089
604029960 +0.494189
604029968 +0.783420
604029976 +0.112691
604029984 +0.556416
604029992 +0.863240
604030000 +0.921722
604030008 +0.611800
604030016 +0.019653
604030024 +2.930734
604030032 +1.864980
604030040 +3.165792
604030048 +1.715486
604030056 +2.555459
604030064 +0.657632
604030072 +0.943289
604030080 +0.963156
604030088 +1.001056
604030096 -0.660513
604030104 +0.139233
604030112 +0.813596
604030120 -0.168703
604030128 +1.485901
604030136 +1.544267
604030144 +1.556841
604030152 +1.795769
604030160 +0.845859
604030168 +0.897833
604030176 +1.189295
604030184 +1.142047
604030192 +0.409252
604030200 +0.587116
604030208 +1.620277
604030216 -0.267370
604030224 +0.387756
604030232 +0.179489
604030240 +0.541754
604049920 -2.571536
604049928 -3.185330
604049936 -3.004126
604049944 -0.723404
604049952 -1.924376
604049960 -1.136362
604049968 -1.610847
604049976 -2.294104
604049984 -2.587442
604049992 -1.990901
604050000 -1.978151
604050008 -2.491840
604050016 -1.680183
604050024 -2.725651
604050032 -1.148248
604050040 -2.811395
604050048 -1.310329
604050056 -4.038185
604050064 -1.364532
604050072 -1.553416
604050080 -0.741912
604050088 -1.488377
604050096 -0.854254
604050104 -2.600156
604050112 -2.271626
604050120 -2.103802
604050128 -1.363476
604050136 -2.228217
604050144 -1.281279
604050152 -8.227893
604050160 -1.340974
604050168 -1.937640
604050176 -1.352377
604050184 +1.786250
604050192 -1.350750
604050200 -2.610380
604050208 -2.219144
604050432 -1.199529
604050440 -1.389053
604050448 -0.279576
604050456 -1.222886
604050464 -0.079032
604050472 -0.564203
604050480 +0.142493
604050488 -0.567037
604050496 -1.113891
604050504 -1.336823
604050512 -0.938290
604050520 -1.392938
604050528 -0.847032
604050536 -1.296767
604050544 -0.922632
604050552 -2.162541
604050560 -0.326639
604050568 -0.489774
604050576 -1.886028
604050584 -1.032708
604050592 +0.183908
604050600 -0.700412
604050608 -0.530889
604050616 -0.610777
604050624 -0.453680
604050632 -0.801662
604050640 -1.308670
604050648 -2.989418
604050656 -0.782829
604050664 -5.184995
604050672 -0.396314
604050680 -1.365352
604050688 -0.882165
604050696 +3.168066
604050704 -1.312347
604050712 -3.349776
604050720 -0.584659
604050944 +1.979842
604050952 +1.567208
604050960 +2.164161
604050968 +3.216713
604050976 +2.140626
604050984 +2.722932
604050992 +1.793308
604051000 +0.965948
604051008 +2.380069
604051016 +1.240264
604051024 +1.905652
604051032 +2.340446
604051040 +2.749305
604051048 +2.512725
604051056 +1.645387
604051064 +2.217671
604051072 +2.928314
604051080 +2.354943
604051088 +1.509037
604051096 +1.866360
604051104 +1.717259
604051112 +1.793062
604051120 +0.908350
604051128 +0.916298
604051136 +1.639742
604051144 +2.082645
604051152 +1.833631
604051160 +2.063770
604051168 +1.724750
604051176 +1.811357
604051184 +1.408223
604051192 +2.711961
604051200 +1.781098
604051208 +2.068567
604051216 +3.035948
604051224 +1.949044
604051232 +1.682844
604051456 +1.440949
604051464 +2.544111
604051472 +0.837729
604051480 +4.646318
604051488 +1.005504
604051496 +1.829186
604051504 +1.690950
604051512 +0.939359
604051520 +2.464690
604051528 +2.819426
604051536 +1.879523
604051544 +0.541480
604051552 +1.783697
604051560 +0.797397
604051568 +0.739022
604051576 +1.425792
604051584 +0.935607
604051592 +1.219729
604051600 +0.867389
604051608 +0.744089
604051616 +1.018767
604051624 +1.614259
604051632 +2.639835
604051640 +1.228089
604051648 +2.115300
604051656 +2.668961
604051664 +1.561182
604051672 +0.928456
604051680 +1.585635
604051688 +2.241683
604051696 +1.621599
604051704 +1.022614
604051712 +0.802780
604051720 +1.844399
604051728 +1.634563
604051736 -0.157950
604051744 +1.158101
604054016 +1.845805
604054024 +1.274527
604054032 +2.257524
604054040 +0.890102
604054048 +1.293567
604054056 +2.291535
604054064 +1.470529
604054072 +1.811627
604054080 +1.622256
604054088 +1.566320
604054096 +0.963067
604054104 +2.276129
604054112 +1.983138
604054120 +1.525641
604054128 +2.523782
604054136 +3.036723
604054144 +1.877849
604054152 +1.637727
604054160 +1.426829
604054528 +2.687706
604054536 +3.091155
604054544 +2.159191
604054552 +2.005174
604054560 +3.142096
604054568 +1.734488
604054576 +3.389847
604054584 +2.871803
604054592 +2.947113
604054600 +2.863571
604054608 +2.100457
604054616 +3.280391
604054624 +2.275540
604054632 +2.793040
604054640 +1.778686
604054648 +1.578206
604054656 +2.138495
604054664 +3.219353
604054672 +3.068709
604054680 +2.394471
604054688 -2.353878
604054696 +1.948865
604054704 +2.391225
604054712 +3.729909
604054720 +2.864157
604054728 +2.100098
604054736 +1.969555
604054744 +2.710522
604054752 +1.909335
604054760 +1.816872
604054768 +2.605410
604054776 +2.782992
604054784 +1.551174
604054792 +1.923108
604054800 +1.897791
604054808 +2.483273
604054816 +1.582374
604058112 +1.598820
604058120 +1.975197
604058128 +1.846092
604058136 +1.582270
604058144 +1.476443
604058152 +2.499621
604058160 +1.394330
604058168 +0.010842
604058176 +1.614050
604058184 +1.864647
604058192 +0.920792
604058200 +2.092740
604058208 +2.284717
604058216 +1.917534
604058224 +1.021630
604058232 +1.236662
604058240 +1.881307
604058248 +1.661653
604058256 +1.832820
604058624 +2.834647
604058632 +3.253152
604058640 +2.046337
604058648 +1.425417
604058656 +3.177888
604058664 +1.876917
604058672 +2.497860
604058680 +2.225719
604058688 +2.566386
604058696 +2.857523
604058704 +3.184211
604058712 +2.437427
604058720 +2.927458
604058728 +2.592130
604058736 +3.249481
604058744 +2.216350
604058752 +2.246502
604058760 +2.166341
604058768 +2.599392
604058776 +2.978123
604058784 +2.958227
604058792 +2.442229
604058800 +2.803745
604058808 +3.529402
604058816 +2.365505
604058824 +2.960699
604058832 +3.194079
604058840 +2.477947
604058848 +2.546699
604058856 +2.111383
604058864 +1.604121
604058872 +3.222362
604058880 +2.601608
604058888 +2.032631
604058896 +2.532339
604058904 +1.991961
604058912 +2.780577
604062208 +1.625980
604062216 +1.895256
604062224 +1.045938
604062232 +0.908165
604062240 +0.556535
604062248 +1.751546
604062256 +1.549022
604062264 +0.593930
604062272 +1.517090
604062280 +2.578774
604062288 +1.678918
604062296 +2.301110
604062304 +1.523010
604062312 +2.365423
604062320 +0.729350
604062328 +1.271708
604062336 +0.584214
604062344 +1.456744
604062352 +0.952916
604062720 +0.653196
604062728 +0.665420
604062736 +0.155345
604062744 +1.393265
604062752 +0.598220
604062760 +0.091665
604062768 +2.074199
604062776 -0.037082
604062784 +1.059951
604062792 +0.403644
604062800 -0.481686
604062808 +0.099898
604062816 +0.666286
604062824 +0.896058
604062832 +0.659871
604062840 +1.031397
604062848 +1.443484
604062856 +0.727478
604062864 +1.079892
604062872 +1.733362
604062880 +0.978110
604062888 +0.063241
604062896 -1.046735
604062904 +1.920350
604062912 +1.022981
604062920 -0.104726
604062928 +1.124896
604062936 +0.796835
604062944 +0.194863
604062952 +0.225086
604062960 +0.750173
604062968 +1.524129
604062976 +1.187147
604062984 +0.924589
604062992 +0.754798
604063000 -0.636595
604063008 +0.551059
637566980 -0.72904
637566982 2.89678
637566984 -15.8326
637566986 -5.98424
637566989 5.22446
637566993 -4.99516
637566997 5.94255
637567001 -7.88919
637567005 0.483349
637567012 2.33538
637567014 7.0828
637567016 4.68388
637567018 2.32834
637567021 -0.614561
637567025 0.298691
637567029 0.440625
637567033 2.49984
637567037 0.510469
637567044 -3.65344
637567046 10.1891
637567048 -0.140897
637567050 -1.03408
637567053 0.241918
637567057 -1.46141
637567061 3.80215
637567065 -9.92934
637567069 4.15569
637567085 10.6305
637567089 2.94327
637567093 -5.46998
637567097 -1.21138
637567101 -3.4076
637567108 2.04407
637567110 -1.49482
637567112 3.80643
637567114 5.03791
637567117 4.08935
637567121 4.85885
637567125 8.22207
637567129 -3.59051
637567133 2.96879
637567140 4.41614
637567142 -2.14418
637567144 3.0187
637567146 -1.34083
637567149 1.66775
637567153 -1.01008
637567157 4.33228
637567161 2.89537
637567165 -1.37277
637567172 0.233741
637567174 -6.59372
637567176 -2.89472
637567178 8.32698
637567181 8.53551
637567185 0.449388
637567189 0.313853
637567193 -1.3606
637567197 9.58063
637567213 -5.1798
637567217 -7.91486
637567221 1.79913
637567225 -0.822156
637567229 6.89583
637567236 5.13482
637567238 2.65263
637567240 1.32103
637567242 -5.74862
637567245 -1.10433
637567249 0.277401
637567253 3.1739
637567257 0.474856
637567261 9.89509
637567268 -6.56866
637567270 11.6598
637567272 4.53767
637567274 -3.41958
637567277 4.27473
637567281 1.14862
637567285 7.31453
637567289 0.0456153
637567293 3.77107
637567300 -6.1366
637567302 2.01828
637567304 -0.542927
637567306 3.3764
637567309 -3.60602
637567313 -1.85525
637567317 -2.81803
637567321 3.58406
637567325 1.33685
637567341 -1.56338
637567345 2.07024
637567349 3.50979
637567353 3.86695
637567357 -3.86624
637567364 -10.075
637567366 -4.94478
637567368 9.39407
637567370 0.0875797
637567373 -0.752504
637567377 -7.18394
637567381 6.35358
637567385 0.127157
637567389 1.645
637567396 2.0294
637567398 6.37456
637567400 -2.99152
637567402 -4.71409
637567405 -5.48591
637567409 9.42343
637567413 -3.27123
637567417 -10.8997
637567421 -4.91666
637567428 -6.03857
637567430 -3.4491
637567432 5.10653
637567434 -1.72938
637567437 6.30026
637567441 -3.30581
637567445 0.250335
637567449 7.8158
637567453 -6.35166
637567469 -5.33667
637567473 4.45532
637567477 -6.46838
637567481 -4.32288
637567485 2.7943
637567492 0.888103
637567494 4.60932
637567496 -7.35084
637567498 1.66043
637567501 3.69627
637567505 -4.98262
637567509 -3.1435
637567513 0.574352
637567517 -5.01319
637567524 -1.30487
637567526 -0.0852436
637567528 6.96175
637567530 -0.0203842
637567533 -6.31007
637567537 8.70861
637567541 -1.0026
637567545 3.96231
637567549 0.665877
637567556 -2.39003
637567558 3.76759
637567560 -1.91402
637567562 2.46702
637567565 8.24078
637567569 -1.64532
637567573 -2.69622
637567577 -7.9577
637567581 4.40864
637567597 9.16658
637567601 1.69562
637567605 12.8038
637567609 5.19204
637567613 8.47216
637567620 -4.7586
637567622 1.53539
637567624 -2.07096
637567626 -4.17218
637567629 9.04005
637567633 -5.10246
637567637 -1.64826
637567641 -14.1566
637567645 2.35225
637567652 -9.79832
637567654 7.96024
637567656 -5.64968
637567658 8.4066
637567661 1.71588
637567665 -7.7556
637567669 7.9353
637567673 3.86558
637567677 -1.28828
637567684 3.86332
637567686 -11.5301
637567688 3.27437
637567690 -0.243105
637567693 5.86427
637567697 -4.33346
637567701 -14.8631
637567705 -2.76809
637567709 -0.725939
637567725 4.64043
637567729 -1.98868
637567733 9.12254
637567737 -1.98121
637567741 -5.94335
637567757 -0.162262
637567761 7.26657
637567765 -10.1971
637567769 2.61031
637567773 -9.63492
637567789 0.686299
637567793 -0.611814
637567797 4.03141
637567801 4.70862
637567805 0.594386
637567821 -1.49735
637567825 0.508974
637567829 13.3906
637567833 -4.34956
637567837 0.920405
637567853 -0.7854
637567857 -10.2349
637567861 -4.14705
637567865 -1.01292
637567869 7.49742
637567885 4.36425
637567889 5.59482
637567893 6.26689
637567897 2.34297
637567901 3.27669
637567917 1.97133
637567921 -4.51266
637567925 0.423935
637567929 1.37934
637567933 5.14301
637567949 -1.15422
637567953 3.7243
637567957 0.417906
637567961 7.45111
637567965 -6.81926
637567981 1.57972
637567985 -6.52804
637567989 -4.93823
637567993 -4.46695
637567997 -1.22041
637568013 -2.96477
637568017 3.80757
637568021 -5.52715
637568025 7.13483
637568029 2.21271
637568045 2.10853
637568049 2.56564
637568053 -1.11185
637568057 0.881318
637568061 0.168469
637568077 2.74408
637568081 4.35994
637568085 4.37688
637568089 2.10688
637568093 -2.88323
637568109 1.59263
637568113 4.39065
637568117 4.99899
637568121 0.169571
637568125 -2.63137
637568141 -0.519458
637568145 -6.3418
637568149 3.26799
637568153 1.5872
637568157 -0.116056
637568173 -0.0616854
637568177 7.78264
637568181 -2.29889
637568185 4.71013
637568189 11.1457
637568205 -4.57264
637568209 -2.69107
637568213 4.05131
637568217 4.47102
637568221 -7.70626
637568237 6.56202
637568241 1.5115
637568245 4.36595
637568249 -8.8989
637568253 -0.188733
637568269 2.24782
637568273 -1.2751
637568277 -0.335068
637568281 -0.446458
637568285 -1.96374
637568301 0.545357
637568305 -5.28904
637568309 1.49301
637568313 8.80702
637568317 -2.1393
637568333 -1.71052
637568337 0.482476
637568341 4.37613
637568345 3.4022
637568349 -1.60013
637568365 2.5078
637568369 7.25485
637568373 0.512358
637568377 -5.92989
637568381 -0.735905
637568397 -2.83293
637568401 9.0715
637568405 6.49865
637568409 -3.97368
637568413 -6.2196
637568429 7.09388
637568433 -2.56334
637568437 -1.15131
637568441 11.031
637568445 -5.75026
637568461 -3.02134
637568465 2.01925
637568469 5.43529
637568473 4.03664
637568477 -6.3742
637568493 -2.36601
637568497 1.09099
637568501 1.06884
637568505 -5.04899
637568509 0.602224
637569037 -1.57153
637569041 0.831521
637569045 13.702
637569049 0.241494
637569053 -5.43617
637569069 -0.334605
637569073 3.06427
637569077 -3.23459
637569081 0.641264
637569085 4.35302
637569165 -9.55981
637569169 9.24179
637569173 -5.31995
637569177 3.0307
637569181 1.65442
637569197 9.91443
637569201 1.31836
637569205 -7.79137
637569209 -4.02969
637569213 -0.688175
637569293 -2.63839
637569297 6.11131
637569301 -2.94649
637569305 -0.0682986
637569309 -5.80034
637569325 5.76495
637569329 -6.20465
637569333 0.220914
637569337 -0.171083
637569341 -7.74019
637569421 7.38824
637569425 -7.77705
637569429 -4.56815
637569433 2.91934
637569437 -3.22
637569453 -4.05952
637569457 -3.97501
637569461 -1.33426
637569465 0.00193117
637569469 -2.1856
637569549 -7.22834
637569553 2.13354
637569557 -4.2117
637569561 -4.06653
637569565 -1.74865
637569581 -5.84063
637569585 10.3256
637569589 -3.76789
637569593 0.622904
637569597 -1.58782
637569677 -3.76132
637569681 1.55468
637569685 5.06069
637569689 6.37695
637569693 -1.69297
637569709 6.35764
637569713 -0.176896
637569717 0.715523
637569721 -2.04358
637569725 4.39867
637569805 0.502167
637569809 -0.963374
637569813 -1.06667
637569817 -6.25458
637569821 0.953126
637569837 7.33884
637569841 -0.850562
637569845 2.21504
637569849 -0.450683
637569853 -7.42269
637569933 7.79513
637569937 5.0852
637569941 -0.493908
637569945 1.84716
637569949 2.30026
637569965 -5.67738
637569969 1.04193
637569973 3.17284
637569977 -5.54174
637569981 -0.0754381
637570061 8.49287
637570065 -5.95951
637570069 6.4085
637570073 0.376674
637570077 0.273953
637570093 -0.541538
637570097 -1.25526
637570101 0.965496
637570105 0.921254
637570109 -6.46331
637570189 0.345232
637570193 -2.98537
637570197 0.588608
637570201 6.69421
637570205 0.878819
637570221 6.53089
637570225 8.72256
637570229 4.33112
637570233 -1.46883
637570237 6.40298
637570317 4.9545
637570321 4.73984
637570325 1.28113
637570329 0.0936576
637570333 -3.97661
637570349 7.16775
637570353 1.48999
637570357 1.72006
637570361 4.5967
637570365 -0.8528
637570445 -1.34562
637570449 -6.43603
637570453 -4.77653
637570457 -5.60731
637570461 -2.51399
637570477 4.6856
637570481 0.881652
637570485 -2.87087
637570489 -3.71585
637570493 8.3791
637571076 -1.1403
637571078 -2.95447
637571080 2.21849
637571082 1.34806
637571108 4.60216
637571110 11.3863
637571112 1.70531
637571114 -4.88584
637571140 10.0242
637571142 -0.430698
637571144 -8.13058
637571146 -1.84467
637571149 -2.55214
637571153 9.48246
637571157 -7.05352
637571161 1.55004
637571165 7.24384
637571181 4.5498
637571185 -2.5942
637571189 1.73521
637571193 -2.12334
637571197 -4.73717
637571204 -4.31522
637571206 2.24756
637571208 -6.94482
637571210 -1.35038
637571236 -7.34251
637571238 -0.384294
637571240 -4.10244
637571242 0.717127
637571268 -3.98295
637571270 -2.13561
637571272 1.62421
637571274 -5.66586
637571277 -8.11505
637571281 -3.66307
637571285 -8.8144
637571289 -1.11187
637571293 -7.48621
637571309 1.16642
637571313 5.95248
637571317 10.7574
637571321 -2.65908
637571325 2.38588
637571332 -1.47936
637571334 2.52322
637571336 1.7548
637571338 -3.05672
637571364 3.44105
637571366 -1.95988
637571368 -7.86373
637571370 -7.40792
637571396 1.53138
637571398 5.83359
637571400 -0.674285
637571402 9.21447
637571405 -1.21285
637571409 2.29587
637571413 4.07997
637571417 9.34345
637571421 0.348044
637571437 -4.95178
637571441 2.95164
637571445 0.410655
637571449 -6.29873
637571453 0.80648
637571460 7.56308
637571462 -2.26608
637571464 -7.93763
637571466 -3.4678
637571492 -1.22459
637571494 -13.799
637571496 -9.14592
637571498 8.82822
637571524 -1.43798
637571526 9.51736
637571528 4.96708
637571530 0.835489
637571533 -9.49605
637571537 4.11571
637571541 7.936
637571545 -8.34944
637571549 -3.69666
637571565 8.15215
637571569 1.742
637571573 -1.07458
637571577 -6.76668
637571581 -10.1257
637571588 -1.58823
637571590 -2.37306
637571592 5.43566
637571594 -7.3253
637571620 8.87097
637571622 2.54583
637571624 -5.11753
637571626 3.8487
637571652 -4.90662
637571654 -9.56239
637571656 3.82263
637571658 8.6786
637571661 8.92478
637571665 0.243665
637571669 -3.41906
637571673 -10.1476
637571677 0.62266
637571693 4.56808
637571697 -5.42832
637571701 0.133222
637571705 3.61994
637571709 2.87179
637571716 2.26637
637571718 3.91246
637571720 -2.756
637571722 -7.38155
637571748 1.66192
637571750 -7.16165
637571752 1.95606
637571754 -8.76281
637571780 10.597
637571782 4.73196
637571784 -4.11655
637571786 0.748432
637571789 2.53347
637571793 1.43636
637571797 -5.02128
637571801 -1.66765
637571805 -6.67657
637571821 -4.41419
637571825 -9.41335
637571829 10.7542
637571833 -2.15671
637571837 -8.55336
637571917 3.00145
637571921 4.69385
637571925 13.4877
637571929 -2.0225
637571933 -1.2024
637571949 2.29673
637571953 0.199288
637571957 -11.5247
637571961 8.15345
637571965 -3.51076
637572045 -1.71525
637572049 4.39596
637572053 -3.36901
637572057 2.18151
637572061 1.66569
637572077 -7.98049
637572081 -2.81752
637572085 -3.76241
637572089 -1.53242
637572093 -7.70815
637572173 6.48112
637572177 4.28539
637572181 -5.59201
637572185 -1.87371
637572189 0.718316
637572301 5.10307
637572305 -3.13232
637572309 -8.6491
637572313 0.079555
637572317 2.32008
637572333 -0.0424923
637572337 7.78216
637572341 -4.28521
637572345 -3.74994
637572349 2.57462
637572429 1.20468
637572433 5.44373
637572437 0.676272
637572441 -3.51073
637572445 1.35092
637572557 -0.000957864
637572561 3.81708
637572565 6.21877
637572569 -2.14915
637572573 -1.01618
637572589 4.34996
637572593 -5.28514
637572597 2.10592
637572601 3.79726
637572605 1.03556
637575172 -6.44996
637575174 -4.92963
637575176 -1.96524
637575178 -0.261123
637575204 -8.5683
637575206 6.08867
637575208 -6.3307
637575210 -7.92054
637575236 9.30033
637575238 10.8166
637575240 0.894685
637575242 6.71699
637575300 -0.27433
637575302 -4.88039
637575304 -3.53801
637575306 -1.77283
637575332 0.968429
637575334 10.5882
637575336 -3.47235
637575338 -2.98918
637575364 -2.33114
637575366 -1.9082
637575368 -2.57915
637575370 -12.7367
637575428 -5.28034
637575430 -5.94576
637575432 1.37921
637575434 0.549718
637575460 3.53035
637575462 -4.22415
637575464 -5.70967
637575466 -5.06039
637575492 -9.59974
637575494 2.16998
637575496 10.1259
637575498 -5.76753
637575556 8.44028
637575558 0.311075
637575560 -8.33249
637575562 0.720088
637575588 7.39873
637575590 0.697128
637575592 4.12916
637575594 2.28544
637575620 6.25944
637575622 -0.647053
637575624 2.13123
637575626 12.6319
637575661 -14.0646
637575665 5.87192
637575669 3.91873
637575673 -5.73203
637575677 7.30374
637575684 -6.28414
637575686 -3.61501
637575688 5.1884
637575690 -4.06526
637575716 10.5612
637575718 6.96336
637575720 0.668703
637575722 8.69506
637575748 0.644304
637575750 1.50516
637575752 3.60601
637575754 5.53902
637575812 -7.59543
637575814 -8.48488
637575816 -5.80811
637575818 -3.61333
637575844 -6.72657
637575846 -3.90371
637575848 0.156691
637575850 1.57759
637575876 11.5017
637575878 4.82736
637575880 -1.15918
637575882 -7.04592
637579268 0.569195
637579270 5.09842
637579272 5.26351
637579274 5.27278
637579300 -2.80537
637579302 -2.89171
637579304 -0.466054
637579306 4.86402
637579332 -6.10673
637579334 -3.37014
637579336 -3.64085
637579338 -2.08712
637579396 7.17666
637579398 0.298864
637579400 -0.293733
637579402 -1.26871
637579428 -5.99348
637579430 -4.20745
637579432 3.15059
637579434 1.30296
637579460 -11.4856
637579462 3.54179
637579464 5.75152
637579466 11.4036
637579524 -2.65906
637579526 -1.85425
637579528 -4.07636
637579530 -5.79589
637579556 3.25165
637579558 6.87616
637579560 2.03301
637579562 -1.40478
637579588 1.50955
637579590 8.49862
637579592 -4.49698
637579594 2.57727
637579652 2.99474
637579654 -4.5159
637579656 -8.11729
637579658 -3.3923
637579684 0.980307
637579686 3.03932
637579688 -2.2028
637579690 5.78676
637579716 -3.91921
637579718 2.38588
637579720 -2.86464
637579722 -3.11367
637579757 -1.58674
637579761 4.35726
637579765 5.23147
637579769 -2.69629
637579773 -2.02564
637579780 0.091992
637579782 -2.75032
637579784 -4.94746
637579786 4.58101
637579812 3.96264
637579814 2.96018
637579816 -6.47349
637579818 0.964668
637579844 -2.95501
637579846 -6.98774
637579848 0.0643746
637579850 -0.599224
637579908 5.15406
637579910 2.17587
637579912 -6.54346
637579914 2.47997
637579940 8.33604
637579942 -10.4026
637579944 -0.0943851
637579946 2.12065
637579972 -8.01397
637579974 -4.67004
637579976 -1.63759
637579978 4.04123
637583364 3.68446
637583366 -4.42081
637583368 4.14291
637583370 4.8566
637583396 1.52652
637583398 -2.77993
637583400 -4.47526
637583402 -2.33804
637583428 5.54458
637583430 -1.646
637583432 -1.75961
637583434 3.91145
637583492 -5.37246
637583494 -10.3845
637583496 -2.24693
637583498 -5.06041
637583524 -2.45279
637583526 7.9059
637583528 5.92863
637583530 -1.38271
637583556 6.92772
637583558 -0.429923
637583560 -7.54014
637583562 -5.70322
637583620 -2.90283
637583622 8.25519
637583624 6.82977
637583626 -4.49738
637583652 -7.57913
637583654 6.0568
637583656 3.2639
637583658 8.64103
637583684 -1.75733
637583686 0.527115
637583688 2.74404
637583690 -0.304257
637583748 8.71302
637583750 1.02592
637583752 3.12185
637583754 3.77457
637583780 -0.676162
637583782 2.9906
637583784 -7.29092
637583786 -0.960216
637583812 5.07456
637583814 0.389235
637583816 1.82765
637583818 8.764
637583876 -10.9175
637583878 -2.76017
637583880 -3.94541
637583882 1.66803
637583908 -4.7856
637583910 2.38872
637583912 -1.69423
637583914 -0.242856
637583940 -1.35308
637583942 -1.57913
637583944 4.88144
637583946 -7.55705
637584004 2.28888
637584006 -6.77718
637584008 3.10382
637584010 5.46527
637584036 3.93828
637584038 -8.13199
637584040 -1.93505
637584042 4.67007
637584068 -7.57356
637584070 4.05968
637584072 -5.17161
637584074 -5.66538
637587460 1.99159
637587462 0.995674
637587464 -2.78352
637587466 2.09425
637587492 -11.2144
637587494 -3.86793
637587496 -5.53916
637587498 13.9522
637587524 -3.59005
637587526 -2.06213
637587528 0.28999
637587530 2.12295
637587588 -0.807239
637587590 -4.6694
637587592 -3.35021
637587594 -10.7557
637587620 -10.6094
637587622 -1.81874
637587624 -0.631862
637587626 -4.39718
637587652 9.55539
637587654 -1.70207
637587656 3.66503
637587658 -5.26933
637587716 -3.83944
637587718 -4.82858
637587720 2.00106
637587722 -1.99606
637587748 7.87059
637587750 -10.1836
637587752 2.28798
637587754 -5.59717
637587780 -0.840674
637587782 -0.526663
637587784 0.0164132
637587786 -6.4385
637587844 2.39366
637587846 -5.38771
637587848 6.51855
637587850 2.80364
637587876 -3.26383
637587878 -3.18491
637587880 -1.63698
637587882 0.0405078
637587908 5.21454
637587910 5.38846
637587912 -1.86618
637587914 -5.2978
637587972 -12.3621
637587974 0.286073
637587976 2.10092
637587978 -6.79391
637588004 -9.47259
637588006 -9.67776
637588008 -4.03251
637588010 -5.39317
637588036 0.423418
637588038 -0.534521
637588040 3.82434
637588042 4.84851
637588100 -0.758834
637588102 -2.09962
637588104 4.56703
637588106 6.47548
637588132 -5.97361
637588134 0.537181
637588136 4.51176
637588138 5.6047
637588164 1.53017
637588166 -0.170724
637588168 -0.385801
637588170 4.6548
637599748 0.751866
637599750 3.78131
637599752 5.06673
637599754 2.01664
637599780 -2.70952
637599782 -3.02076
637599784 -2.1078
637599786 -3.49221
637599793 -1.4852
637599797 -1.09466
637599801 1.56013
637599812 -7.33757
637599814 5.80059
637599816 -8.70837
637599818 9.49991
637599876 -1.50133
637599878 -5.22636
637599880 4.73382
637599882 4.28121
637599908 8.88538
637599910 7.85328
637599912 -0.982856
637599914 3.43199
637599921 8.86752
637599925 -4.85108
637599929 2.85054
637599940 3.3376
637599942 6.26961
637599944 -1.96197
637599946 2.91193
637600004 6.27191
637600006 1.20065
637600008 -6.36303
637600010 3.54251
637600036 -4.45883
637600038 -3.57676
637600040 -8.24026
637600042 -5.2321
637600049 2.33498
637600053 -2.19594
637600057 -0.232067
637600068 1.2308
637600070 0.279244
637600072 -6.42771
637600074 2.59425
637600132 -3.88336
637600134 9.7624
637600136 -4.82866
637600138 -3.50607
637600164 3.31856
637600166 1.9386
637600168 -0.964668
637600170 -1.70965
637600177 -3.04211
637600181 0.9306
637600185 -0.890399
637600196 2.50581
637600198 -6.49953
637600200 -0.309546
637600202 -7.40157
637600260 -3.18296
637600262 2.20155
637600264 -12.5755
637600266 -0.439591
637600292 6.67585
637600294 -2.28225
637600296 6.97307
637600298 7.86924
637600305 0.90852
637600309 -8.45838
637600313 7.12051
637600324 9.94222
637600326 -6.08833
637600328 8.25981
637600330 5.80298
637600388 3.93486
637600390 1.42506
637600392 1.72401
637600394 -2.06992
637600420 7.71758
637600422 -1.34514
637600424 -6.6683
637600426 -4.03329
637600433 -2.38175
637600437 -7.00968
637600441 -2.67835
637600452 -2.14963
637600454 1.77718
637600456 -1.95564
637600458 -2.54488
637600561 -2.5071
637600565 -6.9918
637600569 5.57471
637600689 -1.23578
637600693 2.74303
637600697 4.30318
637600817 -3.34417
637600821 -4.77354
637600825 3.37214
637600945 4.02771
637600949 1.47762
637600953 1.79992
637601073 -2.40655
637601077 7.68553
637601081 -0.417202
637601201 -2.48436
637601205 -8.24445
637601209 0.599002
637601837 5.26942
637601853 8.81557
637601965 -7.07731
637601981 6.01103
637602093 -2.58298
637602109 -4.04211
637602221 -3.08142
637602237 -8.15382
637602349 3.93941
637602365 1.01993
637602477 5.26845
637602493 -13.1096
637602605 4.70952
637602621 -2.72744
637602733 2.73785
637602749 -0.0891905
637602861 -8.76002
637602877 -2.16915
637602989 -0.369975
637603005 1.47515
637603117 5.91871
637603133 -0.405009
637603245 -4.13252
637603261 -3.13062
637603844 1.10725
637603846 2.73138
637603848 1.1269
637603850 -7.83788
637603876 -1.54236
637603878 -1.00368
637603880 -3.48411
637603882 1.31095
637603908 10.0701
637603910 -5.64728
637603912 9.36846
637603914 6.06832
637603972 -3.97552
637603974 -7.33292
637603976 -3.76161
637603978 -3.09041
637604004 1.04063
637604006 -4.1985
637604008 -9.67315
637604010 -3.08254
637604036 -5.79772
637604038 -2.81538
637604040 -5.29433
637604042 -1.50964
637604100 3.86798
637604102 -9.82199
637604104 3.91071
637604106 -1.25212
637604132 -2.55442
637604134 -2.00286
637604136 -4.21165
637604138 0.291192
637604164 2.36555
637604166 -0.372235
637604168 4.36586
637604170 9.92338
637604228 -1.99347
637604230 -3.0403
637604232 -3.35107
637604234 1.02615
637604260 -1.13903
637604262 11.5459
637604264 8.93036
637604266 -1.47677
637604292 -1.55384
637604294 1.72971
637604296 -6.61516
637604298 1.16233
637604356 0.42667
637604358 -2.27987
637604360 -7.35797
637604362 -4.32862
637604388 3.81447
637604390 -7.32977
637604392 7.48884
637604394 -5.92008
637604420 7.89275
637604422 7.02838
637604424 -3.92563
637604426 -3.79797
637604484 -3.7601
637604486 1.23032
637604488 2.43358
637604490 -0.956365
637604516 2.69328
637604518 -5.16987
637604520 -2.04049
637604522 -10.0584
637604548 -3.64958
637604550 1.39232
637604552 0.584416
637604554 2.34633
637607940 -1.20885
637607942 9.59817
637607944 0.213422
637607946 5.31333
637607972 -5.50123
637607974 -2.32605
637607976 -6.56249
637607978 -13.174
637608004 1.98144
637608006 -5.41139
637608008 10.7104
637608010 -1.1973
637608068 -6.71869
637608070 -0.904205
637608072 -2.0487
637608074 -2.65845
637608100 2.89967
637608102 12.9835
637608104 -7.81819
637608106 0.327677
637608132 -2.33394
637608134 6.04711
637608136 1.25163
637608138 5.57571
637608196 -1.72725
637608198 -1.35529
637608200 3.29785
637608202 -4.36056
637608228 -5.98451
637608230 1.48223
637608232 -6.41227
637608234 -6.45226
637608260 -7.5463
637608262 3.93692
637608264 -1.6705
637608266 -1.93471
637608324 3.89826
637608326 -4.7998
637608328 -0.665461
637608330 -3.20972
637608356 -9.48528
637608358 4.81648
637608360 -3.28901
637608362 -1.60923
637608388 1.36177
637608390 -7.01232
637608392 7.73566
637608394 1.97224
637608452 -6.77141
637608454 5.17801
637608456 -4.0897
637608458 0.902667
637608484 -6.19307
637608486 -0.339545
637608488 7.0359
637608490 3.61864
637608516 -0.808257
637608518 2.24547
637608520 -4.92875
637608522 2.39501
637608580 1.62717
637608582 0.863181
637608584 8.10835
637608586 7.73547
637608612 2.47843
637608614 -3.81098
637608616 -3.99973
637608618 0.756205
637608644 2.94259
637608646 3.813
637608648 5.47785
637608650 1.95745
637612036 -4.90085
637612038 -1.93183
637612040 -5.10495
637612042 3.61299
637612068 -1.67153
637612070 0.542132
637612072 8.56679
637612074 -0.886333
637612100 -4.1178
637612102 0.869702
637612104 1.24799
637612106 5.19491
637612164 1.44256
637612166 0.98907
637612168 1.06669
637612170 -0.147406
637612196 4.5051
637612198 0.408123
637612200 -2.2671
637612202 4.54154
637612228 -15.2014
637612230 -2.17958
637612232 10.7466
637612234 4.17103
637612292 -9.30993
637612294 -1.01349
637612296 -1.79928
637612298 -4.25568
637612324 9.79856
637612326 4.24072
637612328 -2.30133
637612330 -2.4644
637612356 2.93656
637612358 -4.05266
637612360 2.86414
637612362 0.00463949
637612420 -9.01838
637612422 4.61227
637612424 -1.88953
637612426 -9.26397
637612452 7.34482
637612454 1.20341
637612456 -8.06662
637612458 2.67032
637612484 -13.8007
637612486 6.4624
637612488 -0.61448
637612490 -3.68493
637612548 0.9064
637612550 0.770629
637612552 -3.59396
637612554 -2.17755
637612580 2.11722
637612582 5.79542
637612584 -3.04466
637612586 0.450814
637612612 0.686992
637612614 0.892783
637612616 1.63529
637612618 -2.07491
637612676 -5.51375
637612678 -5.48093
637612680 -1.33904
637612682 -1.21564
637612708 -1.85353
637612710 4.25103
637612712 -8.7271
637612714 0.141028
637612740 -0.969466
637612742 -5.15772
637612744 5.07735
637612746 -0.244353
637616132 -7.30981
637616134 -2.84272
637616136 1.38079
637616138 -1.78812
637616164 1.19106
637616166 1.80934
637616168 -2.3577
637616170 14.1954
637616196 4.31426
637616198 -0.434186
637616200 -3.84236
637616202 5.14123
637616260 -0.771772
637616262 -8.13605
637616264 -6.82091
637616266 7.67864
637616292 -5.09666
637616294 0.559884
637616296 -8.79869
637616298 9.48599
637616324 4.30879
637616326 -4.99616
637616328 0.264791
637616330 2.62646
637616388 -2.9151
637616390 2.87458
637616392 0.85649
637616394 2.45605
637616420 1.88433
637616422 -7.13774
637616424 6.74143
637616426 -6.57324
637616452 8.90956
637616454 -3.05976
637616456 1.44288
637616458 -8.5219
637616516 1.93661
637616518 -2.6989
637616520 -2.83249
637616522 -1.64707
637616548 -9.5847
637616550 -2.89533
637616552 0.147652
637616554 0.634596
637616580 -7.29442
637616582 3.13195
637616584 3.82549
637616586 -10.6932
637616644 4.36412
637616646 4.76139
637616648 -1.98936
637616650 11.1426
637616676 -10.6688
637616678 1.84547
637616680 1.27503
637616682 2.60818
637616708 6.56576
637616710 -0.21023
637616712 -0.987335
637616714 -1.99888
637616772 -4.64293
637616774 -4.45051
637616776 1.15958
637616778 1.96134
637616804 -0.752937
637616806 8.74264
637616808 0.889981
637616810 -1.30859
637616836 -2.75728
637616838 -1.49399
637616840 4.17822
637616842 -7.70493
637620228 -4.00072
637620230 4.51038
637620232 -5.45285
637620234 1.48181
637620260 -1.32009
637620262 -3.74089
637620264 -2.1514
637620266 -5.90068
637620292 4.02859
637620294 -2.24339
637620296 -4.75283
637620298 3.44751
637620356 9.07348
637620358 2.54321
637620360 2.62115
637620362 -9.4455
637620388 4.49182
637620390 1.16346
637620392 1.63032
637620394 0.349471
637620420 -1.77806
637620422 6.83898
637620424 -1.91794
637620426 -8.65457
637620484 -0.793747
637620486 -4.46214
637620488 -1.05603
637620490 -1.96073
637620516 1.50594
637620518 -0.456376
637620520 1.39343
637620522 1.22609
637620548 0.821366
637620550 -3.91073
637620552 2.21214
637620554 -7.13898
637620612 -4.97207
637620614 -5.0886
637620616 -5.33381
637620618 -0.25999
637620644 8.32621
637620646 2.58506
637620648 2.28776
637620650 0.369827
637620676 0.913966
637620678 0.815184
637620680 6.97189
637620682 2.90272
637620740 -7.49168
637620742 -2.5936
637620744 -0.748628
637620746 4.5636
637620772 0.14425
637620774 7.25378
637620776 -5.57362
637620778 -2.5265
637620804 -7.58131
637620806 3.30415
637620808 -9.74249
637620810 -4.12611
637620868 -3.73163
637620870 -9.04904
637620872 2.15351
637620874 8.27473
637620900 1.23171
637620902 0.964903
637620904 -0.913884
637620906 1.87515
637620932 -3.59977
637620934 8.23196
637620936 4.05366
637620938 7.76471
637632516 -3.08868
637632518 -3.31001
637632520 0.477014
637632522 -5.37623
637632525 2.10916
637632529 -1.0636
637632533 -3.5434
637632537 4.53428
637632541 0.953273
637632548 0.455631
637632550 1.92743
637632552 5.90017
637632554 -6.88039
637632557 -0.746732
637632561 -3.42678
637632565 2.03135
637632569 -7.20328
637632573 -3.76993
637632580 -1.12642
637632582 -1.67153
637632584 -7.92858
637632586 2.92481
637632589 9.11914
637632593 -3.94179
637632597 -6.79085
637632601 -2.9709
637632605 -0.516702
637632621 -4.98369
637632625 -7.29174
637632629 2.07326
637632633 -8.87797
637632637 -3.81867
637632644 6.86335
637632646 9.36564
637632648 11.3872
637632650 5.27042
637632653 -0.598757
637632657 -5.99767
637632661 -4.11636
637632665 0.510182
637632669 3.91209
637632676 -3.18429
637632678 -5.57658
637632680 3.95164
637632682 2.06594
637632685 -3.25166
637632689 -0.827204
637632693 -1.78989
637632697 -7.26228
637632701 3.73347
637632708 -2.42346
637632710 -8.14747
637632712 9.52313
637632714 -6.87953
637632717 -2.93963
637632721 0.336348
637632725 4.59619
637632729 -0.298889
637632733 -1.65653
637632749 -6.50116
637632753 -8.40659
637632757 -0.451575
637632761 4.02774
637632765 5.04863
637632772 1.68296
637632774 -7.74463
637632776 1.73196
637632778 -2.37959
637632781 1.77243
637632785 3.13192
637632789 -0.162673
637632793 -6.61568
637632797 -4.01276
637632804 7.49802
637632806 -4.0685
637632808 2.87222
637632810 -3.55889
637632813 7.1462
637632817 -5.03336
637632821 2.52338
637632825 -3.08931
637632829 -2.88731
637632836 0.274308
637632838 3.28043
637632840 -1.76903
637632842 2.03991
637632845 -5.84466
637632849 -4.16512
637632853 3.54943
637632857 7.07797
637632861 0.885943
637632877 -3.91825
637632881 -1.20809
637632885 -1.17582
637632889 -1.32041
637632893 -0.876045
637632900 -6.02672
637632902 4.127
637632904 -8.27168
637632906 -1.75826
637632909 -0.315173
637632913 0.246236
637632917 -1.90547
637632921 1.62335
637632925 8.28623
637632932 -1.10712
637632934 -0.929543
637632936 0.433565
637632938 -5.17072
637632941 8.18639
637632945 -6.55637
637632949 -2.84732
637632953 1.19409
637632957 -8.28665
637632964 -0.579256
637632966 3.31782
637632968 4.76142
637632970 5.12844
637632973 8.54633
637632977 -1.58812
637632981 -0.650971
637632985 0.262062
637632989 1.74377
637633005 8.04834
637633009 2.55527
637633013 2.09916
637633017 -8.09805
637633021 -7.89046
637633028 -7.74467
637633030 0.270889
637633032 6.3988
637633034 3.37895
637633037 1.11327
637633041 -0.0748442
637633045 2.90777
637633049 1.30413
637633053 -1.4189
637633060 -7.26028
637633062 -0.0801521
637633064 0.0527773
637633066 3.36398
637633069 -2.60291
637633073 -0.107652
637633077 8.48741
637633081 -4.85381
637633085 1.00766
637633092 -1.95713
637633094 0.794505
637633096 -7.57956
637633098 1.25712
637633101 -3.83018
637633105 2.54312
637633109 -6.56103
637633113 -4.7871
637633117 1.07747
637633133 15.7892
637633137 -3.86832
637633141 -6.0424
637633145 2.26688
637633149 -1.69323
637633156 -4.29063
637633158 -1.01274
637633160 -4.41233
637633162 -6.02457
637633165 2.01198
637633169 -3.54648
637633173 6.04635
637633177 7.28019
637633181 8.40755
637633188 1.15212
637633190 4.03572
637633192 -5.75147
637633194 -5.883
637633197 -6.44006
637633201 -1.44141
637633205 5.65584
637633209 12.321
637633213 -7.69603
637633220 5.63524
637633222 3.93966
637633224 -6.09633
637633226 7.50926
637633229 2.28444
637633233 -1.97431
637633237 -9.37883
637633241 4.75215
637633245 4.13556
637633261 5.3026
637633265 -2.03566
637633269 1.88422
637633273 2.1893
637633277 3.17705
637633293 5.89336
637633297 -0.183835
637633301 -4.65111
637633305 -5.91618
637633309 -10.9307
637633325 -2.1279
637633329 1.69271
637633333 -3.56027
637633337 1.82678
637633341 -0.586301
637633357 -8.01165
637633361 8.57272
637633365 -4.59839
637633369 0.0117435
637633373 -5.70597
637633389 -9.6011
637633393 -9.46503
637633397 -2.33561
637633401 2.9079
637633405 5.80214
637633421 2.53054
637633425 9.0323
637633429 0.569368
637633433 -3.2902
637633437 2.42819
637633453 -7.85683
637633457 -2.55333
637633461 -8.73555
637633465 -7.60878
637633469 3.74227
637633485 2.16741
637633489 0.26311
637633493 6.27143
637633497 -5.59547
637633501 -0.763007
637633517 2.83287
637633521 -7.35044
637633525 4.16326
637633529 -1.08164
637633533 -2.55531
637633549 3.00492
637633553 -9.8236
637633557 -1.72392
637633561 -3.74342
637633565 -0.157651
637633581 4.69931
637633585 -1.86322
637633589 -3.36742
637633593 -0.308908
637633597 -4.97774
637633613 -7.32897
637633617 0.42394
637633621 1.714
637633625 -4.44484
637633629 2.25417
637633645 1.02898
637633649 3.67988
637633653 -2.89819
637633657 4.86242
637633661 -2.36367
637633677 8.24951
637633681 3.90107
637633685 -4.74868
637633689 -1.23906
637633693 -2.11704
637633709 0.288759
637633713 -2.42984
637633717 5.67428
637633721 3.23272
637633725 3.39038
637633741 -6.01181
637633745 -0.836561
637633749 -0.941728
637633753 -0.349062
637633757 3.71018
637633773 1.8368
637633777 -4.19918
637633781 0.0907669
637633785 10.167
637633789 3.30107
637633805 -2.16358
637633809 -0.00902959
637633813 -0.253205
637633817 4.89864
637633821 -2.14506
637633837 2.54345
637633841 -1.5991
637633845 4.07408
637633849 0.876801
637633853 2.2172
637633869 3.15377
637633873 -3.3756
637633877 2.2276
637633881 -0.844246
637633885 1.14702
637633901 4.73154
637633905 -3.66199
637633909 0.751462
637633913 3.52438
637633917 6.7896
637633933 -2.42395
637633937 -2.68388
637633941 1.89858
637633945 -12.3506
637633949 -1.89172
637633965 1.83088
637633969 -2.88419
637633973 -2.66267
637633977 5.63704
637633981 -1.01686
637633997 -3.65104
637634001 -11.373
637634005 2.27852
637634009 1.51032
637634013 7.72898
637634029 -10.7027
637634033 1.26884
637634037 4.86373
637634041 -3.99253
637634045 -0.751487
637634573 -1.83134
637634577 4.15181
637634581 -0.301515
637634585 10.2057
637634589 -6.69702
637634605 -3.22857
637634609 0.718413
637634613 2.21987
637634617 -4.69852
637634621 6.81712
637634701 3.06557
637634705 -2.39182
637634709 -2.05278
637634713 -2.57866
637634717 3.12634
637634733 1.54438
637634737 8.19973
637634741 -1.35077
637634745 -3.37817
637634749 -5.1327
637634829 4.47379
637634833 2.25463
637634837 -4.53569
637634841 -1.51577
637634845 -5.62626
637634861 -0.954601
637634865 -1.62004
637634869 1.09584
637634873 -11.868
637634877 9.16358
637634957 -7.50631
637634961 3.03765
637634965 -2.51997
637634969 8.02036
637634973 0.38978
637634989 4.47042
637634993 -3.90048
637634997 -12.1214
637635001 2.58552
637635005 -5.8265
637635085 -7.57552
637635089 -5.26223
637635093 11.1823
637635097 1.11226
637635101 2.93136
637635117 -3.07886
637635121 4.46739
637635125 0.711461
637635129 -1.80934
637635133 8.96677
637635213 -5.27081
637635217 6.68147
637635221 -1.24707
637635225 -2.6502
637635229 1.2675
637635245 6.50084
637635249 -15.1898
637635253 -3.37616
637635257 0.429998
637635261 1.04065
637635341 4.86834
637635345 -4.83347
637635349 -2.76503
637635353 2.19597
637635357 -0.849912
637635373 1.63268
637635377 1.65513
637635381 4.73032
637635385 1.815
637635389 5.60186
637635469 10.487
637635473 -6.16034
637635477 -6.42624
637635481 -5.8964
637635485 -1.55193
637635501 -2.58301
637635505 -3.64559
637635509 -3.94774
637635513 3.80987
637635517 5.33238
637635597 -1.9161
637635601 7.0659
637635605 -6.06335
637635609 8.83555
637635613 1.68376
637635629 1.12492
637635633 6.40555
637635637 3.17864
637635641 -5.32462
637635645 4.96954
637635725 1.98328
637635729 10.2158
637635733 -3.24994
637635737 1.93913
637635741 -0.779859
637635757 -2.21308
637635761 5.68385
637635765 1.52121
637635769 -7.85922
637635773 4.28756
637635853 2.25881
637635857 -3.72419
637635861 -1.22506
637635865 -0.290126
637635869 0.279475
637635885 -5.70709
637635889 2.65692
637635893 -0.958317
637635897 -0.357754
637635901 1.99264
637635981 -1.66484
637635985 4.0118
637635989 3.30826
637635993 5.40773
637635997 6.66912
637636013 5.39198
637636017 -13.3007
637636021 4.55826
637636025 6.86673
637636029 -1.99536
637636612 1.79909
637636614 7.51953
637636616 -0.794894
637636618 -14.6231
637636644 -7.07549
637636646 3.13418
637636648 -10.9763
637636650 1.03839
637636676 2.50856
637636678 3.76941
637636680 -1.09774
637636682 0.905171
637636685 4.30423
637636689 -9.20159
637636693 -2.18725
637636697 -5.37331
637636701 3.07759
637636717 3.95343
637636721 7.26842
637636725 -7.54132
637636729 -2.31477
637636733 9.51769
637636740 8.32983
637636742 1.77927
637636744 2.29647
637636746 -6.0239
637636772 5.50718
637636774 0.559841
637636776 6.82011
637636778 -3.50468
637636804 1.68521
637636806 -3.53953
637636808 5.53728
637636810 2.51082
637636813 4.93053
637636817 -0.881182
637636821 1.37847
637636825 -0.350418
637636829 2.22257
637636845 4.55855
637636849 8.26575
637636853 -2.12216
637636857 0.975016
637636861 1.43941
637636868 -3.45065
637636870 -3.24489
637636872 -3.6422
637636874 -2.44514
637636900 -3.1449
637636902 1.33149
637636904 4.5263
637636906 4.27444
637636932 -0.993555
637636934 6.85438
637636936 0.583692
637636938 -4.30052
637636941 1.20846
637636945 2.56651
637636949 -8.55062
637636953 11.2026
637636957 4.62895
637636973 6.82276
637636977 -4.51178
637636981 -11.2264
637636985 2.32021
637636989 0.310845
637636996 -1.40534
637636998 -6.27645
637637000 6.38266
637637002 8.01518
637637028 -3.25555
637637030 -1.61686
637637032 -8.35876
637637034 -1.96093
637637060 -5.53818
637637062 4.57617
637637064 1.0699
637637066 4.91671
637637069 1.53008
637637073 2.26905
637637077 -5.16771
637637081 -11.1855
637637085 1.02306
637637101 2.68992
637637105 0.239482
637637109 -2.73704
637637113 -1.9515
637637117 -0.232636
637637124 0.475554
637637126 -0.393371
637637128 6.64206
637637130 1.73354
637637156 -4.86349
637637158 10.8448
637637160 -3.81471
637637162 1.2999
637637188 2.0013
637637190 -2.58917
637637192 -3.95524
637637194 -2.02503
637637197 0.203117
637637201 0.475691
637637205 3.4913
637637209 4.655
637637213 1.67325
637637229 -5.74855
637637233 -3.32408
637637237 0.556516
637637241 -2.21772
637637245 7.88679
637637252 3.42311
637637254 9.33363
637637256 -6.61973
637637258 3.71786
637637284 -5.65222
637637286 3.71428
637637288 -6.05611
637637290 -1.09793
637637316 2.42245
637637318 -3.80974
637637320 -7.69057
637637322 0.70793
637637325 -1.7736
637637329 5.34733
637637333 -3.11751
637637337 -9.82879
637637341 -3.38498
637637357 -1.7656
637637361 8.88661
637637365 1.54431
637637369 4.67544
637637373 5.12136
637637453 20.7293
637637457 1.84767
637637461 6.40698
637637465 1.83756
637637469 -5.48425
637637485 0.610712
637637489 -2.11349
637637493 1.94224
637637497 8.61419
637637501 -0.866949
637637581 -7.33628
637637585 -6.60202
637637589 2.35362
637637593 2.3141
637637597 -0.320481
637637613 4.29595
637637617 7.04421
637637621 1.9817
637637625 5.22497
637637629 -2.06332
637637709 8.59016
637637713 0.74084
637637717 -6.83373
637637721 1.69245
637637725 6.2718
637637837 1.97756
637637841 4.50095
637637845 6.33296
637637849 -2.30116
637637853 -6.8674
637637869 -0.348633
637637873 0.204725
637637877 1.04962
637637881 -2.24608
637637885 -6.04722
637637965 -6.10226
637637969 -3.34334
637637973 -2.39798
637637977 -4.58723
637637981 -6.19677
637638093 -1.09207
637638097 -5.1262
637638101 -2.43549
637638105 3.27379
637638109 -2.6152
637638125 -6.39039
637638129 -5.22007
637638133 11.5675
637638137 3.53118
637638141 -6.62176
637640708 -5.05424
637640710 1.31057
637640712 -6.44962
637640714 6.00186
637640740 4.39173
637640742 11.7045
637640744 -0.252687
637640746 2.45185
637640772 2.08247
637640774 2.93842
637640776 -4.4174
637640778 -1.06805
637640836 1.46295
637640838 -6.42695
637640840 3.53903
637640842 -7.43632
637640868 -1.35045
637640870 11.3177
637640872 -3.23375
637640874 0.641421
637640900 1.15804
637640902 -2.70242
637640904 -4.76008
637640906 5.93457
637640964 -10.7984
637640966 -7.14031
637640968 -4.96603
637640970 -0.383644
637640996 -3.59582
637640998 4.04833
637641000 -2.79811
637641002 5.66429
637641028 4.48958
637641030 6.98546
637641032 5.79047
637641034 2.84637
637641092 -2.09576
637641094 4.23887
637641096 3.74078
637641098 1.43231
637641124 2.58917
637641126 12.4305
637641128 0.0489296
637641130 -1.6947
637641156 -3.77235
637641158 -9.23965
637641160 5.42736
637641162 3.46266
637641197 2.09773
637641201 -4.04066
637641205 0.684936
637641209 -2.28167
637641213 -0.426423
637641220 2.96281
637641222 1.2803
637641224 4.69159
637641226 0.979644
637641252 7.6646
637641254 -7.1097
637641256 1.80533
637641258 -4.88032
637641284 -3.74166
637641286 -7.06546
637641288 -8.05868
637641290 -6.85553
637641348 7.28276
637641350 5.78599
637641352 2.63874
637641354 0.232484
637641380 -2.85769
637641382 -10.2723
637641384 -1.1491
637641386 -4.17896
637641412 -2.67346
637641414 0.365547
637641416 0.102236
637641418 -6.24736
637644804 3.65987
637644806 0.14191
637644808 -8.13555
637644810 -4.11142
637644836 1.85561
637644838 -1.27957
637644840 -7.96428
637644842 6.43296
637644868 -7.59128
637644870 3.12352
637644872 5.8862
637644874 8.79347
637644932 8.03853
637644934 2.06653
637644936 5.94621
637644938 4.23018
637644964 5.11442
637644966 0.0559012
637644968 -5.12677
637644970 5.30637
637644996 1.79735
637644998 4.22963
637645000 -0.35267
637645002 8.41617
637645060 0.665584
637645062 5.55966
637645064 0.31843
637645066 -10.2703
637645092 -1.04283
637645094 5.23793
637645096 2.39203
637645098 -4.2768
637645124 -4.35917
637645126 5.9814
637645128 3.26634
637645130 6.31421
637645188 4.07151
637645190 -8.29405
637645192 -3.65522
637645194 4.6759
637645220 -4.85535
637645222 1.90057
637645224 5.47436
637645226 -0.945718
637645252 -1.11639
637645254 0.486948
637645256 -13.0688
637645258 8.58012
637645293 -1.23372
637645297 0.330351
637645301 -1.58871
637645305 -2.60523
637645309 -5.55283
637645316 -6.88438
637645318 -9.32864
637645320 1.77031
637645322 6.64259
637645348 -2.80906
637645350 1.60475
637645352 -1.44508
637645354 -6.31342
637645380 -3.95248
637645382 0.682961
637645384 -8.32433
637645386 -3.90806
637645444 0.331484
637645446 0.22376
637645448 1.51448
637645450 2.84633
637645476 3.9536
637645478 -1.15328
637645480 -3.90774
637645482 6.78383
637645508 -10.1288
637645510 -2.76443
637645512 -1.0469
637645514 -2.0897
637648900 0.402138
637648902 8.69199
637648904 7.70392
637648906 -1.15877
637648932 5.56882
637648934 -0.663303
637648936 -11.6829
637648938 2.36829
637648964 -3.60155
637648966 5.20736
637648968 -1.05827
637648970 4.20684
637649028 -4.94066
637649030 3.24537
637649032 2.91274
637649034 -0.85826
637649060 -0.986868
637649062 13.2209
637649064 -6.45477
637649066 3.4759
637649092 -3.17986
637649094 1.33122
637649096 -0.922284
637649098 1.88825
637649156 1.59051
637649158 10.3058
637649160 -0.743223
637649162 -3.19992
637649188 -0.707863
637649190 4.35959
637649192 -1.78647
637649194 1.45052
637649220 0.829855
637649222 -5.50799
637649224 3.11086
637649226 -3.03241
637649284 -3.79376
637649286 2.54811
637649288 0.192204
637649290 1.75674
637649316 -5.66264
637649318 8.184
637649320 -5.09519
637649322 -5.66231
637649348 -1.46281
637649350 4.04029
637649352 0.587805
637649354 -0.953706
637649412 2.0103
637649414 8.07058
637649416 1.23948
637649418 4.08484
637649444 0.156892
637649446 -0.0140825
637649448 2.61656
637649450 -0.443807
637649476 -2.49945
637649478 3.27554
637649480 6.15972
637649482 -4.92732
637649540 0.929976
637649542 -2.45356
637649544 0.0943293
637649546 1.79322
637649572 -2.00212
637649574 4.34578
637649576 -1.65541
637649578 -9.13563
637649604 2.91933
637649606 -0.246077
637649608 7.852
637649610 2.24531
637652996 -6.55014
637652998 1.58901
637653000 0.682835
637653002 -3.51212
637653028 2.40317
637653030 1.54286
637653032 2.48217
637653034 -9.16635
637653060 10.0714
637653062 -0.665295
637653064 -0.909009
637653066 5.98836
637653124 1.54956
637653126 0.760356
637653128 -2.04636
637653130 -2.26602
637653156 8.99979
637653158 5.01868
637653160 3.12984
637653162 0.84958
637653188 4.7648
637653190 11.8456
637653192 7.62051
637653194 2.1622
637653252 -3.30084
637653254 -4.93196
637653256 -8.87629
637653258 -6.2873
637653284 -4.15886
637653286 3.22258
637653288 -1.03645
637653290 3.59088
637653316 -8.40466
637653318 -0.018502
637653320 0.359258
637653322 -4.94038
637653380 -2.72868
637653382 4.10134
637653384 5.53799
637653386 0.852222
637653412 6.24111
637653414 -0.401715
637653416 -6.33198
637653418 -1.46564
637653444 6.34305
637653446 -2.51199
637653448 -6.43733
637653450 -6.4198
637653508 6.7002
637653510 1.56307
637653512 9.7275
637653514 7.86127
637653540 -1.511
637653542 -5.58523
637653544 0.463327
637653546 4.01668
637653572 0.263227
637653574 -3.35252
637653576 7.1391
637653578 -1.34359
637653636 4.64765
637653638 7.07204
637653640 3.33651
637653642 6.189
637653668 3.36438
637653670 -4.98007
637653672 2.52379
637653674 -1.25453
637653700 3.20339
637653702 2.76098
637653704 -2.23038
637653706 8.5133
